1000000007
1000000009
1000000021
1000000033
1000000087
1000000093
1000000097
1000000103
1000000123
1000000181
1000000207
1000000223
1000000241
1000000271
1000000289
1000000297
1000000321
1000000349
1000000363
1000000403
1000000409
1000000411
1000000427
1000000433
1000000439
1000000447
1000000453
1000000459
1000000483
1000000513
1000000531
1000000579
1000000607
1000000613
1000000637
1000000663
1000000711
1000000753
1000000787
1000000801
1000000829
1000000861
1000000871
1000000891
1000000901
1000000919
1000000931
1000000933
1000000993
1000001011
1000001021
1000001053
1000001087
1000001099
1000001137
1000001161
1000001203
1000001213
1000001237
1000001263
1000001269
1000001273
1000001279
1000001311
1000001329
1000001333
1000001351
1000001371
1000001393
1000001413
1000001447
1000001449
1000001491
1000001501
1000001531
1000001537
1000001539
1000001581
1000001617
1000001621
1000001633
1000001647
1000001663
1000001677
1000001699
1000001759
1000001773
1000001789
1000001791
1000001801
1000001803
1000001819
1000001857
1000001887
1000001917
1000001927
1000001957
1000001963
1000001969
1000002043
1000002089
1000002103
1000002139
1000002149
1000002161
1000002173
1000002187
1000002193
1000002233
1000002239
1000002277
1000002307
1000002359
1000002361
1000002431
1000002449
1000002457
1000002499
1000002571
1000002581
1000002607
1000002631
1000002637
1000002649
1000002667
1000002727
1000002791
1000002803
1000002821
1000002823
1000002827
1000002907
1000002937
1000002989
1000003009
1000003013
1000003051
1000003057
1000003097
1000003111
1000003133
1000003153
1000003157
1000003163
1000003211
1000003241
1000003247
1000003253
1000003267
1000003271
1000003273
1000003283
1000003309
1000003337
1000003351
1000003357
1000003373
1000003379
1000003397
1000003469
1000003471
1000003513
1000003519
1000003559
1000003577
1000003579
1000003601
1000003621
1000003643
1000003651
1000003663
1000003679
1000003709
1000003747
1000003751
1000003769
1000003777
1000003787
1000003793
1000003843
1000003853
1000003871
1000003889
1000003891
1000003909
1000003919
1000003931
1000003951
1000003957
1000003967
1000003987
1000003999
1000004023
1000004059
1000004099
1000004119
1000004123
1000004207
1000004233
1000004249
1000004251
1000004263
1000004321
1000004329
1000004381
1000004389
1000004437
1000004449
1000004459
1000004497
1000004507
1000004519
1000004539
1000004567
1000004569
1000004581
1000004609
1000004611
1000004627
1000004633
1000004647
1000004693
1000004699
1000004717
1000004771
1000004777
1000004783
1000004791
1000004807
1000004839
1000004843
1000004849
1000004857
1000004867
1000004869
1000004891
1000004893
1000004897
1000004927
1000004933
1000004977
1000004981
1000005001
1000005029
1000005053
1000005067
1000005103
1000005133
1000005187
1000005197
1000005203
1000005233
1000005277
1000005287
1000005299
1000005317
1000005329
1000005341
1000005353
1000005361
1000005403
1000005407
1000005437
1000005443
1000005449
1000005451
1000005469
1000005491
1000005527
1000005541
1000005547
1000005583
1000005631
1000005647
1000005683
1000005731
1000005737
1000005751
1000005763
1000005791
1000005823
1000005827
1000005833
1000005847
1000005863
1000005899
1000005907
1000005947
1000005953
1000005959
1000005971
1000005973
1000005991
1000005997
1000006019
1000006027
1000006037
1000006039
1000006061
1000006093
1000006099
1000006127
1000006129
1000006177
1000006193
1000006211
1000006223
1000006229
1000006307
1000006313
1000006331
1000006349
1000006379
1000006393
1000006417
1000006421
1000006457
1000006459
1000006477
1000006541
1000006571
1000006577
1000006583
1000006607
1000006621
1000006661
1000006663
1000006697
1000006717
1000006751
1000006781
1000006837
1000006867
1000006901
1000006957
1000006961
1000006967
1000006981
1000007003
1000007023
1000007027
1000007089
1000007117
1000007137
1000007147
1000007159
1000007191
1000007209
1000007237
1000007243
1000007257
1000007279
1000007321
1000007347
1000007383
1000007389
1000007417
1000007429
1000007447
1000007453
1000007467
1000007479
1000007497
1000007513
1000007521
1000007531
1000007537
1000007557
1000007633
1000007647
1000007651
1000007653
1000007681
1000007707
1000007719
1000007741
1000007759
1000007773
1000007803
1000007819
1000007837
1000007873
1000007887
1000007909
1000007923
1000007927
1000007929
1000007941
1000008041
1000008083
1000008089
1000008101
1000008109
1000008127
1000008173
1000008181
1000008223
1000008257
1000008259
1000008271
1000008277
1000008311
1000008313
1000008343
1000008349
1000008397
1000008403
1000008419
1000008431
1000008439
1000008487
1000008511
1000008557
1000008593
1000008617
1000008637
1000008649
1000008661
1000008671
1000008679
1000008719
1000008727
1000008761
1000008773
1000008791
1000008797
1000008803
1000008811
1000008829
1000008853
1000008899
1000008917
1000008937
1000008967
1000009009
1000009013
1000009063
1000009081
1000009093
1000009099
1000009123
1000009133
1000009163
1000009183
1000009211
1000009223
1000009259
1000009277
1000009279
1000009289
1000009301
1000009321
1000009331
1000009363
1000009399
1000009403
1000009421
1000009441
1000009457
1000009469
1000009487
1000009519
1000009529
1000009531
1000009541
1000009559
1000009561
1000009567
1000009573
1000009579
1000009597
1000009601
1000009609
1000009631
1000009651
1000009667
1000009679
1000009711
1000009733
1000009739
1000009757
1000009789
1000009831
1000009859
1000009867
1000009961
1000009999
1000010029
1000010051
1000010069
1000010101
1000010153
1000010173
1000010189
1000010197
1000010233
1000010243
1000010251
1000010267
1000010281
1000010303
1000010321
1000010327
1000010351
1000010357
1000010381
1000010449
1000010467
1000010483
1000010503
1000010513
1000010549
1000010593
1000010597
1000010611
1000010633
1000010659
1000010699
1000010707
1000010723
1000010747
1000010749
1000010761
1000010773
1000010777
1000010801
1000010833
1000010903
1000010953
1000010969
1000010971
1000010981
1000010987
1000011007
1000011011
1000011071
1000011083
1000011091
1000011107
1000011109
1000011137
1000011149
1000011161
1000011223
1000011239
1000011253
1000011269
1000011277
1000011283
1000011289
1000011301
1000011317
1000011329
1000011371
1000011377
1000011391
1000011421
1000011479
1000011487
1000011497
1000011517
1000011533
1000011539
1000011559
1000011583
1000011601
1000011619
1000011631
1000011659
1000011673
1000011679
1000011707
1000011763
1000011767
1000011769
1000011773
1000011799
1000011811
1000011821
1000011823
1000011847
1000011869
1000011967
1000011983
1000011989
1000012019
1000012037
1000012121
1000012157
1000012177
1000012187
1000012217
1000012219
1000012231
1000012241
1000012253
1000012297
1000012309
1000012333
1000012337
1000012339
1000012361
1000012367
1000012399
1000012411
1000012459
1000012463
1000012483
1000012501
1000012513
1000012523
1000012547
1000012553
1000012577
1000012609
1000012631
1000012649
1000012679
1000012681
1000012703
1000012723
1000012733
1000012747
1000012753
1000012759
1000012799
1000012847
1000012877
1000012891
1000012901
1000012903
1000012927
1000012939
1000012963
1000013011
1000013017
1000013029
1000013039
1000013081
1000013087
1000013089
1000013101
1000013107
1000013137
1000013141
1000013143
1000013153
1000013191
1000013207
1000013213
1000013237
1000013323
1000013369
1000013419
1000013437
1000013447
1000013477
1000013519
1000013537
1000013561
1000013563
1000013587
1000013591
1000013723
1000013741
1000013759
1000013789
1000013801
1000013857
1000013881
1000013897
1000013921
1000013923
1000013939
1000013999
1000014011
1000014073
1000014077
1000014083
1000014097
1000014121
1000014131
1000014143
1000014157
1000014161
1000014167
1000014181
1000014193
1000014209
1000014241
1000014259
1000014271
1000014293
1000014361
1000014391
1000014397
1000014437
1000014529
1000014551
1000014581
1000014583
1000014599
1000014607
1000014611
1000014643
1000014727
1000014761
1000014773
1000014779
1000014791
1000014823
1000014853
1000014881
1000014889
1000014901
1000014931
1000014937
1000014997
1000015031
1000015043
1000015057
1000015063
1000015069
1000015097
1000015103
1000015109
1000015117
1000015141
1000015147
1000015187
1000015199
1000015217
1000015231
1000015253
1000015271
1000015279
1000015283
1000015307
1000015339
1000015349
1000015351
1000015363
1000015369
1000015409
1000015427
1000015447
1000015477
1000015487
1000015553
1000015579
1000015591
1000015649
1000015651
1000015673
1000015693
1000015703
1000015717
1000015727
1000015747
1000015799
1000015811
1000015823
1000015859
1000015889
1000015963
1000015981
1000016009
1000016021
1000016029
1000016047
1000016063
1000016089
1000016093
1000016107
1000016153
1000016167
1000016191
1000016201
1000016231
1000016233
1000016261
1000016267
1000016273
1000016317
1000016323
1000016411
1000016419
1000016431
1000016489
1000016491
1000016513
1000016539
1000016617
1000016621
1000016623
1000016627
1000016651
1000016659
1000016671
1000016711
1000016863
1000016887
1000016909
1000016929
1000016939
1000017047
1000017071
1000017077
1000017089
1000017097
1000017107
1000017119
1000017131
1000017157
1000017169
1000017199
1000017203
1000017223
1000017229
1000017247
1000017257
1000017259
1000017287
1000017289
1000017301
1000017307
1000017311
1000017349
1000017379
1000017413
1000017433
1000017493
1000017541
1000017559
1000017563
1000017607
1000017631
1000017659
1000017737
1000017751
1000017769
1000017773
1000017793
1000017797
1000017829
1000017841
1000017853
1000017869
1000017881
1000017923
1000017929
1000017959
1000017961
1000018001
1000018007
1000018067
1000018073
1000018087
1000018093
1000018141
1000018147
1000018169
1000018171
1000018189
1000018321
1000018333
1000018337
1000018361
1000018373
1000018379
1000018381
1000018391
1000018427
1000018433
1000018441
1000018471
1000018477
1000018519
1000018531
1000018543
1000018549
1000018601
1000018603
1000018619
1000018627
1000018651
1000018709
1000018711
1000018753
1000018757
1000018813
1000018819
1000018841
1000018847
1000018871
1000018913
1000018927
1000018939
1000018967
1000018969
1000019003
1000019057
1000019071
1000019081
1000019089
1000019099
1000019107
1000019113
1000019117
1000019123
1000019131
1000019159
1000019161
1000019227
1000019249
1000019257
1000019327
1000019333
1000019351
1000019353
1000019357
1000019393
1000019399
1000019401
1000019429
1000019443
1000019459
1000019467
1000019491
1000019563
1000019569
1000019591
1000019597
1000019617
1000019621
1000019659
1000019677
1000019681
1000019693
1000019707
1000019711
1000019719
1000019743
1000019767
1000019777
1000019791
1000019803
1000019819
1000019857
1000019861
1000019863
1000019869
1000019873
1000019897
1000019899
1000019903
1000019927
1000019981
1000020001
1000020011
1000020023
1000020029
1000020107
1000020139
1000020163
1000020193
1000020209
1000020221
1000020283
1000020313
1000020319
1000020337
1000020347
1000020353
1000020361
1000020367
1000020383
1000020409
1000020443
1000020491
1000020523
1000020547
1000020569
1000020577
1000020689
1000020701
1000020727
1000020737
1000020743
1000020757
1000020779
1000020799
1000020803
1000020817
1000020829
1000020851
1000020881
1000020893
1000020919
1000020929
1000020953
1000020961
1000020991
1000020997
1000021003
1000021019
1000021027
1000021069
1000021079
1000021081
1000021097
1000021133
1000021189
1000021193
1000021229
1000021247
1000021259
1000021261
1000021273
1000021291
1000021333
1000021339
1000021369
1000021409
1000021489
1000021507
1000021511
1000021537
1000021553
1000021559
1000021573
1000021609
1000021619
1000021663
1000021667
1000021691
1000021697
1000021733
1000021751
1000021783
1000021801
1000021823
1000021843
1000021849
1000021879
1000021933
1000021937
1000021949
1000021951
1000021969
1000021987
1000022027
1000022033
1000022039
1000022057
1000022069
1000022071
1000022081
1000022173
1000022189
1000022197
1000022213
1000022237
1000022239
1000022293
1000022327
1000022339
1000022351
1000022363
1000022377
1000022389
1000022393
1000022417
1000022449
1000022461
1000022533
1000022539
1000022581
1000022599
1000022609
1000022623
1000022627
1000022651
1000022657
1000022729
1000022741
1000022783
1000022809
1000022813
1000022897
1000022971
1000023041
1000023043
1000023053
1000023109
1000023121
1000023139
1000023151
1000023197
1000023229
1000023247
1000023263
1000023281
1000023289
1000023293
1000023301
1000023319
1000023337
1000023361
1000023379
1000023449
1000023469
1000023473
1000023499
1000023533
1000023581
1000023611
1000023631
1000023649
1000023659
1000023677
1000023697
1000023701
1000023763
1000023767
1000023797
1000023809
1000023851
1000023859
1000023881
1000023883
1000023887
1000023917
1000023931
1000023961
1000023967
1000023971
1000023991
1000024043
1000024063
1000024073
1000024127
1000024141
1000024171
1000024189
1000024229
1000024243
1000024261
1000024273
1000024307
1000024327
1000024339
1000024343
1000024351
1000024357
1000024387
1000024391
1000024393
1000024477
1000024489
1000024523
1000024537
1000024547
1000024561
1000024589
1000024637
1000024651
1000024673
1000024679
1000024699
1000024709
1000024717
1000024747
1000024757
1000024759
1000024769
1000024771
1000024799
1000024859
1000024871
1000024901
1000024933
1000024957
1000024979
1000024997
1000024999
1000025077
1000025083
1000025087
1000025111
1000025129
1000025141
1000025149
1000025167
1000025171
1000025203
1000025237
1000025261
1000025263
1000025267
1000025269
1000025281
1000025291
1000025333
1000025339
1000025363
1000025401
1000025413
1000025443
1000025483
1000025489
1000025491
1000025513
1000025581
1000025641
1000025659
1000025669
1000025681
1000025693
1000025707
1000025723
1000025729
1000025771
1000025773
1000025777
1000025827
1000025839
1000025843
1000025857
1000025863
1000025911
1000025921
1000026011
1000026019
1000026077
1000026089
1000026109
1000026113
1000026119
1000026133
1000026151
1000026163
1000026193
1000026199
1000026233
1000026263
1000026311
1000026331
1000026337
1000026403
1000026527
1000026529
1000026539
1000026557
1000026589
1000026593
1000026617
1000026623
1000026653
1000026667
1000026697
1000026707
1000026739
1000026763
1000026767
1000026773
1000026779
1000026803
1000026823
1000026847
1000026851
1000026857
1000026889
1000026893
1000026901
1000026917
1000026919
1000026961
1000026971
1000027001
1000027003
1000027013
1000027087
1000027123
1000027129
1000027141
1000027151
1000027153
1000027163
1000027181
1000027183
1000027201
1000027241
1000027277
1000027283
1000027291
1000027313
1000027333
1000027381
1000027411
1000027429
1000027439
1000027447
1000027451
1000027463
1000027471
1000027519
1000027531
1000027541
1000027559
1000027571
1000027573
1000027579
1000027607
1000027631
1000027661
1000027663
1000027697
1000027709
1000027723
1000027727
1000027733
1000027747
1000027753
1000027799
1000027807
1000027811
1000027837
1000027841
1000027849
1000027859
1000027867
1000027871
1000027877
1000027891
1000027901
1000027913
1000027933
1000027957
1000027981
1000028023
1000028027
1000028033
1000028041
1000028129
1000028143
1000028147
1000028177
1000028189
1000028203
1000028207
1000028261
1000028279
1000028303
1000028317
1000028321
1000028389
1000028437
1000028453
1000028461
1000028479
1000028483
1000028507
1000028521
1000028537
1000028543
1000028591
1000028593
1000028599
1000028639
1000028657
1000028699
1000028747
1000028759
1000028773
1000028789
1000028839
1000028863
1000028923
1000028947
1000028951
1000028987
1000028989
1000028993
1000029013
1000029061
1000029067
1000029077
1000029089
1000029103
1000029119
1000029133
1000029139
1000029143
1000029157
1000029161
1000029193
1000029209
1000029211
1000029221
1000029227
1000029271
1000029311
1000029343
1000029367
1000029379
1000029419
1000029421
1000029461
1000029463
1000029491
1000029517
1000029559
1000029571
1000029577
1000029601
1000029619
1000029631
1000029671
1000029689
1000029703
1000029731
1000029749
1000029757
1000029799
1000029829
1000029889
1000029911
1000029967
1000029971
1000030001
1000030019
1000030033
1000030051
1000030061
1000030063
1000030067
1000030081
1000030091
1000030103
1000030121
1000030127
1000030153
1000030177
1000030301
1000030331
1000030393
1000030429
1000030441
1000030463
1000030481
1000030483
1000030511
1000030517
1000030529
1000030571
1000030573
1000030583
1000030597
1000030601
1000030607
1000030613
1000030621
1000030649
1000030657
1000030673
1000030711
1000030741
1000030753
1000030799
1000030807
1000030841
1000030847
1000030859
1000030879
1000030897
1000030907
1000030939
1000030957
1000030963
1000030979
1000030981
1000030991
1000031023
1000031027
1000031063
1000031113
1000031117
1000031141
1000031143
1000031159
1000031183
1000031203
1000031233
1000031251
1000031257
1000031261
1000031299
1000031303
1000031311
1000031339
1000031359
1000031371
1000031407
1000031411
1000031419
1000031437
1000031519
1000031551
1000031567
1000031653
1000031657
1000031677
1000031689
1000031701
1000031717
1000031729
1000031803
1000031833
1000031839
1000031843
1000031867
1000031869
1000031917
1000031933
1000031939
1000031983
1000032013
1000032029
1000032043
1000032049
1000032101
1000032133
1000032161
1000032167
1000032197
1000032217
1000032227
1000032247
1000032251
1000032277
1000032283
1000032287
1000032343
1000032347
1000032349
1000032401
1000032413
1000032431
1000032437
1000032457
1000032487
1000032493
1000032499
1000032521
1000032541
1000032577
1000032589
1000032611
1000032637
1000032641
1000032679
1000032697
1000032727
1000032731
1000032739
1000032773
1000032793
1000032827
1000032857
1000032881
1000032883
1000032899
1000032919
1000032923
1000032931
1000032953
1000032961
1000032967
1000032989
1000032997
1000033033
1000033037
1000033039
1000033051
1000033057
1000033063
1000033087
1000033117
1000033127
1000033141
1000033183
1000033193
1000033231
1000033249
1000033259
1000033273
1000033301
1000033393
1000033423
1000033427
1000033457
1000033469
1000033481
1000033487
1000033513
1000033519
1000033547
1000033561
1000033571
1000033577
1000033579
1000033591
1000033603
1000033607
1000033621
1000033649
1000033673
1000033753
1000033763
1000033777
1000033781
1000033787
1000033807
1000033889
1000033933
1000033943
1000033961
1000033963
1000033967
1000033981
1000034003
1000034017
1000034029
1000034041
1000034047
1000034071
1000034111
1000034117
1000034137
1000034143
1000034153
1000034159
1000034179
1000034237
1000034303
1000034309
1000034311
1000034317
1000034323
1000034351
1000034393
1000034417
1000034419
1000034447
1000034459
1000034461
1000034471
1000034473
1000034479
1000034507
1000034513
1000034573
1000034597
1000034599
1000034603
1000034627
1000034647
1000034681
1000034689
1000034701
1000034747
1000034759
1000034767
1000034863
1000034881
1000034897
1000034939
1000034951
1000034969
1000035011
1000035019
1000035041
1000035079
1000035109
1000035163
1000035173
1000035181
1000035187
1000035209
1000035229
1000035247
1000035269
1000035287
1000035299
1000035307
1000035329
1000035347
1000035349
1000035373
1000035389
1000035397
1000035409
1000035431
1000035437
1000035461
1000035467
1000035499
1000035527
1000035571
1000035599
1000035611
1000035637
1000035677
1000035689
1000035697
1000035733
1000035737
1000035811
1000035823
1000035857
1000035887
1000035919
1000035943
1000035983
1000035997
1000036027
1000036039
1000036049
1000036057
1000036073
1000036091
1000036109
1000036123
1000036127
1000036181
1000036183
1000036189
1000036199
1000036201
1000036321
1000036357
1000036369
1000036381
1000036393
1000036397
1000036421
1000036447
1000036483
1000036487
1000036511
1000036529
1000036537
1000036549
1000036571
1000036603
1000036637
1000036649
1000036651
1000036693
1000036721
1000036727
1000036759
1000036769
1000036771
1000036787
1000036789
1000036799
1000036811
1000036819
1000036837
1000036847
1000036903
1000036909
1000036927
1000036963
1000036969
1000036981
1000036993
1000037011
1000037023
1000037039
1000037041
1000037081
1000037083
1000037099
1000037119
1000037123
1000037141
1000037173
1000037179
1000037183
1000037219
1000037237
1000037239
1000037251
1000037261
1000037299
1000037321
1000037323
1000037329
1000037341
1000037347
1000037371
1000037407
1000037411
1000037449
1000037483
1000037501
1000037509
1000037531
1000037569
1000037573
1000037579
1000037593
1000037603
1000037639
1000037651
1000037671
1000037777
1000037783
1000037791
1000037803
1000037807
1000037821
1000037837
1000037873
1000037879
1000037881
1000037921
1000037957
1000037977
1000037989
1000038029
1000038031
1000038037
1000038041
1000038113
1000038133
1000038163
1000038187
1000038217
1000038253
1000038271
1000038307
1000038341
1000038353
1000038409
1000038427
1000038439
1000038511
1000038521
1000038569
1000038577
1000038601
1000038631
1000038671
1000038691
1000038707
1000038709
1000038713
1000038733
1000038779
1000038791
1000038797
1000038829
1000038833
1000038839
1000038841
1000038847
1000038869
1000038877
1000038901
1000038943
1000038953
1000038971
1000038983
1000039009
1000039049
1000039087
1000039097
1000039099
1000039111
1000039121
1000039133
1000039151
1000039213
1000039223
1000039231
1000039237
1000039267
1000039273
1000039301
1000039303
1000039319
1000039409
1000039423
1000039507
1000039541
1000039543
1000039577
1000039613
1000039619
1000039631
1000039643
1000039657
1000039679
1000039681
1000039723
1000039751
1000039759
1000039763
1000039769
1000039771
1000039801
1000039829
1000039883
1000039889
1000039903
1000039919
1000039927
1000039933
1000039969
1000040017
1000040059
1000040071
1000040099
1000040137
1000040141
1000040179
1000040201
1000040203
1000040257
1000040309
1000040323
1000040333
1000040339
1000040341
1000040347
1000040399
1000040407
1000040429
1000040441
1000040449
1000040533
1000040567
1000040581
1000040597
1000040599
1000040627
1000040641
1000040647
1000040659
1000040663
1000040681
1000040711
1000040791
1000040801
1000040819
1000040831
1000040863
1000040903
1000040917
1000040933
1000041019
1000041037
1000041061
1000041071
1000041083
1000041103
1000041131
1000041151
1000041169
1000041179
1000041181
1000041197
1000041221
1000041233
1000041241
1000041253
1000041271
1000041283
1000041323
1000041331
1000041377
1000041379
1000041389
1000041391
1000041437
1000041451
1000041499
1000041533
1000041547
1000041557
1000041569
1000041599
1000041671
1000041689
1000041697
1000041709
1000041719
1000041727
1000041737
1000041781
1000041821
1000041827
1000041857
1000041871
1000041893
1000041899
1000041929
1000041937
1000041943
1000041997
1000042007
1000042027
1000042039
1000042091
1000042097
1000042117
1000042123
1000042129
1000042157
1000042207
1000042217
1000042249
1000042261
1000042279
1000042283
1000042321
1000042339
1000042343
1000042387
1000042397
1000042411
1000042427
1000042441
1000042457
1000042471
1000042481
1000042487
1000042489
1000042499
1000042501
1000042513
1000042541
1000042543
1000042559
1000042573
1000042579
1000042591
1000042607
1000042619
1000042621
1000042643
1000042657
1000042661
1000042669
1000042679
1000042711
1000042793
1000042801
1000042811
1000042843
1000042889
1000042913
1000042933
1000042943
1000042961
1000042991
1000043021
1000043029
1000043041
1000043053
1000043101
1000043153
1000043189
1000043227
1000043263
1000043269
1000043311
1000043323
1000043347
1000043441
1000043459
1000043461
1000043483
1000043489
1000043491
1000043497
1000043501
1000043557
1000043563
1000043617
1000043623
1000043711
1000043729
1000043731
1000043753
1000043761
1000043767
1000043771
1000043773
1000043813
1000043827
1000043839
1000043851
1000043879
1000043893
1000043897
1000043899
1000043953
1000043963
1000043981
1000043983
1000043987
1000044013
1000044047
1000044083
1000044107
1000044109
1000044113
1000044131
1000044137
1000044151
1000044179
1000044197
1000044223
1000044229
1000044247
1000044259
1000044289
1000044307
1000044337
1000044373
1000044377
1000044389
1000044433
1000044457
1000044503
1000044509
1000044511
1000044527
1000044557
1000044581
1000044587
1000044611
1000044629
1000044637
1000044659
1000044697
1000044751
1000044781
1000044811
1000044821
1000044823
1000044827
1000044833
1000044887
1000044889
1000044893
1000044901
1000044923
1000044959
1000044977
1000044989
1000045001
1000045003
1000045051
1000045097
1000045147
1000045157
1000045159
1000045169
1000045187
1000045201
1000045217
1000045229
1000045303
1000045351
1000045379
1000045427
1000045441
1000045463
1000045471
1000045493
1000045537
1000045597
1000045603
1000045661
1000045663
1000045687
1000045729
1000045733
1000045759
1000045769
1000045777
1000045789
1000045841
1000045843
1000045909
1000045973
1000046011
1000046059
1000046071
1000046093
1000046153
1000046161
1000046231
1000046251
1000046297
1000046351
1000046357
1000046381
1000046393
1000046413
1000046419
1000046423
1000046447
1000046449
1000046459
1000046473
1000046483
1000046569
1000046599
1000046609
1000046633
1000046651
1000046653
1000046669
1000046681
1000046699
1000046737
1000046807
1000046821
1000046833
1000046837
1000046843
1000046849
1000046863
1000046869
1000046897
1000046903
1000046909
1000046917
1000046953
1000047029
1000047047
1000047071
1000047077
1000047079
1000047091
1000047119
1000047131
1000047193
1000047203
1000047229
1000047233
1000047271
1000047289
1000047299
1000047313
1000047317
1000047331
1000047353
1000047361
1000047379
1000047409
1000047413
1000047437
1000047469
1000047473
1000047487
1000047509
1000047511
1000047533
1000047583
1000047599
1000047637
1000047647
1000047667
1000047679
1000047683
1000047701
1000047733
1000047739
1000047743
1000047749
1000047781
1000047799
1000047821
1000047823
1000047887
1000047901
1000047907
1000047931
1000047949
1000047953
1000047989
1000048009
1000048013
1000048019
1000048037
1000048039
1000048051
1000048087
1000048111
1000048117
1000048129
1000048157
1000048163
1000048177
1000048193
1000048199
1000048207
1000048219
1000048229
1000048241
1000048249
1000048339
1000048403
1000048433
1000048453
1000048493
1000048501
1000048541
1000048547
1000048583
1000048601
1000048627
1000048661
1000048667
1000048723
1000048739
1000048741
1000048769
1000048771
1000048781
1000048787
1000048799
1000048811
1000048843
1000048849
1000048859
1000048867
1000048877
1000048883
1000048909
1000048957
1000048961
1000048969
1000049077
1000049101
1000049117
1000049147
1000049201
1000049203
1000049207
1000049231
1000049251
1000049263
1000049279
1000049291
1000049317
1000049329
1000049333
1000049341
1000049371
1000049383
1000049419
1000049443
1000049461
1000049467
1000049471
1000049473
1000049483
1000049513
1000049549
1000049563
1000049569
1000049593
1000049621
1000049623
1000049627
1000049639
1000049663
1000049669
1000049671
1000049681
1000049719
1000049723
1000049741
1000049767
1000049773
1000049789
1000049807
1000049917
1000049929
1000049957
1000049977
1000049989
1000050001
1000050017
1000050061
1000050071
1000050083
1000050091
1000050119
1000050131
1000050133
1000050137
1000050157
1000050169
1000050221
1000050253
1000050263
1000050277
1000050283
1000050301
1000050323
1000050343
1000050353
1000050367
1000050439
1000050461
1000050473
1000050487
1000050497
1000050523
1000050559
1000050581
1000050589
1000050659
1000050661
1000050671
1000050677
1000050683
1000050713
1000050719
1000050739
1000050743
1000050757
1000050839
1000050851
1000050853
1000050889
1000050901
1000050941
1000050977
1000050991
1000051009
1000051033
1000051037
1000051057
1000051067
1000051097
1000051099
1000051177
1000051193
1000051237
1000051253
1000051267
1000051303
1000051319
1000051321
1000051373
1000051421
1000051427
1000051463
1000051483
1000051499
1000051513
1000051553
1000051561
1000051597
1000051609
1000051621
1000051649
1000051687
1000051693
1000051697
1000051727
1000051733
1000051771
1000051807
1000051813
1000051837
1000051883
1000051901
1000051919
1000051933
1000051939
1000051961
1000051963
1000051991
1000051993
1000051999
1000052017
1000052051
1000052063
1000052069
1000052083
1000052159
1000052189
1000052227
1000052237
1000052257
1000052293
1000052321
1000052341
1000052363
1000052369
1000052393
1000052399
1000052401
1000052407
1000052429
1000052447
1000052497
1000052513
1000052561
1000052563
1000052567
1000052569
1000052587
1000052621
1000052629
1000052633
1000052639
1000052671
1000052701
1000052717
1000052723
1000052741
1000052749
1000052803
1000052819
1000052827
1000052843
1000052899
1000052941
1000052951
1000052953
1000052957
1000052987
1000052993
1000053001
1000053037
1000053053
1000053071
1000053073
1000053097
1000053121
1000053151
1000053161
1000053167
1000053191
1000053199
1000053209
1000053221
1000053253
1000053287
1000053319
1000053331
1000053401
1000053433
1000053463
1000053473
1000053491
1000053493
1000053497
1000053511
1000053517
1000053529
1000053533
1000053553
1000053559
1000053643
1000053667
1000053683
1000053689
1000053757
1000053799
1000053833
1000053851
1000053889
1000053911
1000053959
1000053973
1000053983
1000054031
1000054043
1000054049
1000054051
1000054061
1000054091
1000054117
1000054129
1000054157
1000054171
1000054199
1000054213
1000054217
1000054219
1000054243
1000054259
1000054271
1000054273
1000054309
1000054331
1000054333
1000054381
1000054387
1000054409
1000054423
1000054441
1000054477
1000054487
1000054499
1000054541
1000054547
1000054567
1000054571
1000054619
1000054621
1000054639
1000054691
1000054703
1000054751
1000054753
1000054777
1000054787
1000054807
1000054831
1000054837
1000054843
1000054871
1000054883
1000054889
1000054901
1000054919
1000055003
1000055011
1000055027
1000055029
1000055047
1000055051
1000055117
1000055219
1000055239
1000055267
1000055269
1000055281
1000055327
1000055347
1000055359
1000055363
1000055393
1000055417
1000055423
1000055437
1000055449
1000055453
1000055471
1000055473
1000055521
1000055527
1000055597
1000055603
1000055611
1000055657
1000055669
1000055699
1000055701
1000055717
1000055729
1000055743
1000055759
1000055761
1000055779
1000055789
1000055813
1000055827
1000055831
1000055839
1000055851
1000055857
1000055873
1000055879
1000055891
1000055897
1000055911
1000055929
1000055963
1000055977
1000055983
1000055999
1000056011
1000056041
1000056073
1000056103
1000056131
1000056139
1000056157
1000056163
1000056191
1000056193
1000056199
1000056221
1000056259
1000056269
1000056301
1000056349
1000056377
1000056389
1000056401
1000056403
1000056427
1000056437
1000056443
1000056479
1000056481
1000056493
1000056529
1000056587
1000056593
1000056611
1000056613
1000056623
1000056643
1000056653
1000056703
1000056731
1000056763
1000056787
1000056809
1000056821
1000056829
1000056833
1000056839
1000056847
1000056877
1000056881
1000056917
1000056919
1000056961
1000057027
1000057031
1000057033
1000057061
1000057109
1000057171
1000057189
1000057207
1000057217
1000057231
1000057243
1000057271
1000057291
1000057307
1000057327
1000057339
1000057361
1000057367
1000057369
1000057391
1000057403
1000057433
1000057469
1000057483
1000057517
1000057519
1000057529
1000057559
1000057567
1000057627
1000057633
1000057651
1000057679
1000057703
1000057711
1000057717
1000057727
1000057739
1000057769
1000057777
1000057781
1000057783
1000057801
1000057823
1000057831
1000057843
1000057873
1000057889
1000057943
1000057979
1000057987
1000058029
1000058041
1000058117
1000058173
1000058197
1000058207
1000058221
1000058231
1000058251
1000058299
1000058309
1000058321
1000058329
1000058383
1000058413
1000058447
1000058467
1000058471
1000058497
1000058509
1000058513
1000058539
1000058567
1000058569
1000058581
1000058599
1000058623
1000058639
1000058641
1000058669
1000058687
1000058693
1000058743
1000058747
1000058777
1000058789
1000058803
1000058819
1000058821
1000058831
1000058849
1000058861
1000058893
1000058911
1000058923
1000058971
1000058981
1000058987
1000059007
1000059013
1000059023
1000059031
1000059043
1000059059
1000059077
1000059079
1000059097
1000059131
1000059161
1000059191
1000059227
1000059241
1000059253
1000059367
1000059377
1000059407
1000059409
1000059419
1000059439
1000059443
1000059449
1000059451
1000059503
1000059539
1000059581
1000059583
1000059589
1000059649
1000059667
1000059673
1000059677
1000059691
1000059701
1000059707
1000059713
1000059719
1000059743
1000059773
1000059787
1000059811
1000059817
1000059869
1000059877
1000059887
1000059947
1000059959
1000059967
1000059979
1000059989
1000060001
1000060043
1000060051
1000060081
1000060121
1000060129
1000060141
1000060177
1000060183
1000060213
1000060223
1000060267
1000060301
1000060333
1000060351
1000060363
1000060379
1000060387
1000060427
1000060433
1000060441
1000060463
1000060469
1000060471
1000060499
1000060541
1000060543
1000060549
1000060571
1000060603
1000060639
1000060673
1000060709
1000060739
1000060741
1000060771
1000060777
1000060781
1000060793
1000060823
1000060829
1000060849
1000060879
1000060883
1000060891
1000060903
1000060973
1000060987
1000060993
1000061009
1000061047
1000061077
1000061087
1000061089
1000061099
1000061141
1000061171
1000061177
1000061203
1000061207
1000061213
1000061243
1000061263
1000061281
1000061291
1000061311
1000061351
1000061407
1000061417
1000061429
1000061437
1000061443
1000061453
1000061471
1000061473
1000061479
1000061501
1000061507
1000061509
1000061539
1000061603
1000061609
1000061617
1000061653
1000061677
1000061681
1000061749
1000061759
1000061807
1000061809
1000061813
1000061819
1000061831
1000061849
1000061947
1000061957
1000061969
1000061989
1000062001
1000062023
1000062031
1000062047
1000062053
1000062059
1000062067
1000062079
1000062097
1000062109
1000062181
1000062191
1000062221
1000062251
1000062257
1000062277
1000062293
1000062313
1000062341
1000062377
1000062409
1000062431
1000062433
1000062457
1000062461
1000062463
1000062527
1000062541
1000062589
1000062629
1000062647
1000062649
1000062667
1000062719
1000062727
1000062733
1000062743
1000062773
1000062781
1000062863
1000062887
1000062907
1000062953
1000062991
1000063013
1000063019
1000063037
1000063067
1000063073
1000063079
1000063087
1000063111
1000063159
1000063217
1000063237
1000063243
1000063283
1000063297
1000063313
1000063327
1000063331
1000063333
1000063357
1000063367
1000063387
1000063411
1000063429
1000063433
1000063451
1000063453
1000063459
1000063469
1000063577
1000063601
1000063609
1000063633
1000063693
1000063699
1000063733
1000063739
1000063807
1000063819
1000063853
1000063873
1000063877
1000063891
1000063919
1000063931
1000063949
1000063973
1000064017
1000064027
1000064053
1000064077
1000064099
1000064111
1000064129
1000064137
1000064141
1000064147
1000064279
1000064281
1000064291
1000064339
1000064341
1000064353
1000064383
1000064399
1000064407
1000064413
1000064419
1000064437
1000064441
1000064467
1000064489
1000064501
1000064519
1000064599
1000064641
1000064657
1000064699
1000064701
1000064719
1000064761
1000064789
1000064827
1000064837
1000064843
1000064851
1000064893
1000064903
1000064917
1000064921
1000064939
1000064953
1000064957
1000064983
1000065083
1000065097
1000065149
1000065161
1000065167
1000065169
1000065173
1000065191
1000065229
1000065259
1000065289
1000065329
1000065343
1000065349
1000065371
1000065373
1000065401
1000065403
1000065413
1000065421
1000065449
1000065457
1000065467
1000065497
1000065509
1000065523
1000065559
1000065569
1000065571
1000065581
1000065587
1000065607
1000065623
1000065679
1000065697
1000065719
1000065721
1000065733
1000065751
1000065757
1000065821
1000065823
1000065827
1000065853
1000065883
1000065889
1000065929
1000065947
1000065971
1000065991
1000066003
1000066031
1000066043
1000066049
1000066127
1000066153
1000066213
1000066261
1000066279
1000066283
1000066337
1000066357
1000066367
1000066393
1000066399
1000066439
1000066477
1000066489
1000066499
1000066511
1000066601
1000066621
1000066643
1000066649
1000066663
1000066679
1000066681
1000066687
1000066733
1000066763
1000066787
1000066801
1000066807
1000066817
1000066853
1000066891
1000066901
1000066909
1000066981
1000066997
1000066999
1000067011
1000067069
1000067087
1000067141
1000067149
1000067171
1000067183
1000067213
1000067219
1000067281
1000067311
1000067333
1000067351
1000067353
1000067359
1000067371
1000067417
1000067423
1000067459
1000067473
1000067513
1000067567
1000067569
1000067573
1000067591
1000067599
1000067617
1000067647
1000067671
1000067681
1000067693
1000067699
1000067707
1000067711
1000067713
1000067737
1000067749
1000067771
1000067773
1000067779
1000067797
1000067801
1000067821
1000067837
1000067839
1000067867
1000067879
1000067881
1000067909
1000067911
1000067917
1000067951
1000067969
1000068007
1000068019
1000068053
1000068067
1000068089
1000068101
1000068107
1000068119
1000068127
1000068131
1000068137
1000068143
1000068149
1000068151
1000068191
1000068203
1000068217
1000068229
1000068233
1000068241
1000068263
1000068271
1000068281
1000068361
1000068371
1000068373
1000068379
1000068383
1000068389
1000068413
1000068431
1000068457
1000068473
1000068521
1000068527
1000068529
1000068581
1000068593
1000068611
1000068659
1000068677
1000068749
1000068793
1000068833
1000068841
1000068859
1000068863
1000068869
1000068907
1000068913
1000068919
1000068929
1000068989
1000069019
1000069027
1000069033
1000069039
1000069043
1000069051
1000069061
1000069067
1000069087
1000069099
1000069111
1000069129
1000069153
1000069159
1000069163
1000069177
1000069193
1000069201
1000069249
1000069261
1000069289
1000069303
1000069307
1000069309
1000069363
1000069373
1000069397
1000069423
1000069459
1000069481
1000069493
1000069507
1000069519
1000069547
1000069571
1000069583
1000069607
1000069613
1000069643
1000069649
1000069661
1000069687
1000069751
1000069799
1000069801
1000069817
1000069867
1000069907
1000069913
1000069919
1000069933
1000069943
1000069979
1000070047
1000070083
1000070087
1000070129
1000070161
1000070171
1000070189
1000070209
1000070213
1000070219
1000070231
1000070293
1000070297
1000070311
1000070317
1000070333
1000070347
1000070353
1000070359
1000070437
1000070459
1000070497
1000070501
1000070503
1000070507
1000070549
1000070557
1000070573
1000070579
1000070587
1000070593
1000070627
1000070629
1000070639
1000070641
1000070657
1000070671
1000070677
1000070683
1000070707
1000070759
1000070803
1000070807
1000070809
1000070821
1000070837
1000070861
1000070879
1000070927
1000070933
1000070959
1000070969
1000070971
1000070987
1000070989
1000070999
1000071041
1000071071
1000071077
1000071101
1000071103
1000071157
1000071169
1000071173
1000071179
1000071197
1000071209
1000071277
1000071301
1000071337
1000071353
1000071383
1000071419
1000071421
1000071481
1000071491
1000071497
1000071503
1000071521
1000071559
1000071577
1000071581
1000071613
1000071623
1000071629
1000071643
1000071647
1000071673
1000071679
1000071689
1000071691
1000071719
1000071739
1000071803
1000071817
1000071827
1000071829
1000071833
1000071857
1000071871
1000071899
1000071929
1000071967
1000071977
1000071983
1000072009
1000072013
1000072019
1000072033
1000072081
1000072091
1000072097
1000072103
1000072109
1000072127
1000072147
1000072159
1000072169
1000072193
1000072207
1000072289
1000072301
1000072303
1000072309
1000072313
1000072321
1000072331
1000072343
1000072349
1000072357
1000072363
1000072387
1000072393
1000072399
1000072421
1000072483
1000072523
1000072631
1000072649
1000072663
1000072669
1000072673
1000072681
1000072739
1000072757
1000072781
1000072807
1000072817
1000072819
1000072877
1000072897
1000072901
1000072903
1000072907
1000072919
1000072921
1000072933
1000072937
1000072981
1000072993
1000073071
1000073077
1000073089
1000073119
1000073141
1000073171
1000073183
1000073251
1000073267
1000073293
1000073309
1000073329
1000073363
1000073369
1000073387
1000073413
1000073429
1000073441
1000073443
1000073471
1000073479
1000073491
1000073507
1000073521
1000073527
1000073533
1000073539
1000073551
1000073563
1000073573
1000073593
1000073621
1000073639
1000073677
1000073699
1000073731
1000073761
1000073791
1000073803
1000073827
1000073869
1000073887
1000073929
1000073933
1000073941
1000073947
1000073951
1000073969
1000073983
1000073993
1000074001
1000074041
1000074059
1000074169
1000074191
1000074209
1000074239
1000074241
1000074259
1000074269
1000074289
1000074307
1000074311
1000074347
1000074371
1000074391
1000074479
1000074511
1000074533
1000074563
1000074571
1000074613
1000074619
1000074631
1000074641
1000074643
1000074679
1000074683
1000074697
1000074701
1000074703
1000074727
1000074737
1000074743
1000074749
1000074811
1000074833
1000074841
1000074851
1000074853
1000074857
1000074869
1000074913
1000074917
1000074923
1000074941
1000074949
1000074953
1000074979
1000075001
1000075007
1000075009
1000075057
1000075061
1000075067
1000075103
1000075117
1000075169
1000075171
1000075187
1000075189
1000075207
1000075231
1000075243
1000075247
1000075249
1000075267
1000075277
1000075301
1000075309
1000075313
1000075333
1000075339
1000075357
1000075361
1000075409
1000075481
1000075487
1000075501
1000075523
1000075543
1000075561
1000075577
1000075619
1000075631
1000075667
1000075669
1000075753
1000075777
1000075789
1000075799
1000075831
1000075859
1000075889
1000075891
1000075913
1000075919
1000075939
1000075957
1000075961
1000075987
1000076023
1000076057
1000076113
1000076159
1000076177
1000076243
1000076261
1000076263
1000076279
1000076321
1000076347
1000076369
1000076377
1000076423
1000076443
1000076479
1000076507
1000076537
1000076591
1000076611
1000076657
1000076719
1000076741
1000076807
1000076809
1000076821
1000076839
1000076849
1000076863
1000076899
1000076923
1000076927
1000076941
1000076953
1000077017
1000077031
1000077049
1000077059
1000077073
1000077079
1000077119
1000077131
1000077137
1000077157
1000077163
1000077167
1000077229
1000077251
1000077271
1000077301
1000077307
1000077311
1000077349
1000077361
1000077401
1000077409
1000077431
1000077433
1000077437
1000077451
1000077473
1000077487
1000077497
1000077509
1000077517
1000077523
1000077583
1000077599
1000077613
1000077641
1000077643
1000077647
1000077653
1000077679
1000077713
1000077733
1000077769
1000077791
1000077809
1000077817
1000077839
1000077877
1000077893
1000077913
1000077917
1000077919
1000077937
1000078003
1000078031
1000078049
1000078061
1000078067
1000078087
1000078139
1000078141
1000078151
1000078153
1000078199
1000078207
1000078223
1000078231
1000078241
1000078271
1000078279
1000078283
1000078337
1000078367
1000078399
1000078411
1000078421
1000078463
1000078517
1000078529
1000078553
1000078559
1000078561
1000078579
1000078687
1000078711
1000078741
1000078747
1000078769
1000078787
1000078789
1000078823
1000078829
1000078843
1000078901
1000078909
1000078931
1000078951
1000078967
1000078979
1000078991
1000079053
1000079063
1000079071
1000079083
1000079089
1000079107
1000079131
1000079147
1000079161
1000079183
1000079203
1000079219
1000079237
1000079243
1000079287
1000079291
1000079309
1000079357
1000079369
1000079371
1000079447
1000079449
1000079467
1000079551
1000079569
1000079579
1000079581
1000079593
1000079609
1000079617
1000079651
1000079653
1000079657
1000079683
1000079693
1000079741
1000079753
1000079827
1000079837
1000079851
1000079891
1000079903
1000079911
1000079923
1000079947
1000079963
1000079987
1000079999
1000080007
1000080017
1000080061
1000080073
1000080113
1000080127
1000080139
1000080209
1000080247
1000080269
1000080281
1000080293
1000080307
1000080337
1000080407
1000080461
1000080517
1000080551
1000080581
1000080583
1000080589
1000080707
1000080721
1000080727
1000080761
1000080769
1000080773
1000080803
1000080817
1000080841
1000080847
1000080853
1000080859
1000080883
1000080901
1000080919
1000080923
1000080943
1000080959
1000080973
1000080989
1000081013
1000081021
1000081039
1000081073
1000081097
1000081099
1000081127
1000081129
1000081139
1000081141
1000081183
1000081217
1000081223
1000081237
1000081249
1000081261
1000081279
1000081289
1000081309
1000081339
1000081343
1000081367
1000081387
1000081391
1000081403
1000081409
1000081451
1000081477
1000081507
1000081513
1000081517
1000081541
1000081567
1000081583
1000081601
1000081603
1000081609
1000081613
1000081657
1000081721
1000081723
1000081757
1000081759
1000081811
1000081861
1000081871
1000081897
1000081961
1000081981
1000081987
1000082029
1000082059
1000082063
1000082071
1000082101
1000082117
1000082131
1000082143
1000082173
1000082179
1000082207
1000082219
1000082221
1000082243
1000082249
1000082257
1000082269
1000082353
1000082359
1000082381
1000082399
1000082417
1000082459
1000082483
1000082539
1000082557
1000082561
1000082581
1000082593
1000082597
1000082623
1000082683
1000082717
1000082737
1000082747
1000082753
1000082767
1000082771
1000082789
1000082791
1000082813
1000082857
1000082869
1000082891
1000082903
1000082927
1000082959
1000082969
1000082989
1000083001
1000083037
1000083047
1000083103
1000083127
1000083131
1000083163
1000083167
1000083169
1000083179
1000083181
1000083187
1000083197
1000083251
1000083257
1000083269
1000083277
1000083307
1000083317
1000083319
1000083353
1000083367
1000083389
1000083431
1000083443
1000083457
1000083479
1000083481
1000083499
1000083541
1000083583
1000083587
1000083629
1000083641
1000083649
1000083661
1000083671
1000083691
1000083751
1000083757
1000083761
1000083779
1000083793
1000083797
1000083817
1000083859
1000083883
1000083911
1000083913
1000083949
1000083961
1000083967
1000083983
1000084051
1000084097
1000084103
1000084193
1000084199
1000084201
1000084249
1000084271
1000084291
1000084307
1000084331
1000084369
1000084373
1000084391
1000084427
1000084441
1000084457
1000084493
1000084511
1000084529
1000084531
1000084537
1000084541
1000084543
1000084559
1000084571
1000084601
1000084607
1000084639
1000084661
1000084663
1000084711
1000084739
1000084759
1000084763
1000084843
1000084853
1000084859
1000084861
1000084867
1000084879
1000084903
1000084949
1000084963
1000084979
1000084999
1000085041
1000085059
1000085077
1000085087
1000085101
1000085117
1000085131
1000085183
1000085209
1000085279
1000085363
1000085377
1000085381
1000085417
1000085441
1000085453
1000085491
1000085497
1000085531
1000085587
1000085621
1000085627
1000085633
1000085657
1000085659
1000085683
1000085687
1000085689
1000085711
1000085719
1000085731
1000085743
1000085753
1000085777
1000085783
1000085831
1000085857
1000085861
1000085887
1000085903
1000085927
1000085929
1000085951
1000085953
1000085971
1000085993
1000086001
1000086037
1000086053
1000086077
1000086089
1000086091
1000086119
1000086181
1000086187
1000086193
1000086211
1000086221
1000086239
1000086301
1000086313
1000086343
1000086383
1000086397
1000086419
1000086427
1000086433
1000086449
1000086463
1000086469
1000086491
1000086509
1000086541
1000086553
1000086569
1000086583
1000086611
1000086613
1000086631
1000086697
1000086701
1000086767
1000086799
1000086803
1000086827
1000086847
1000086937
1000086959
1000086977
1000086979
1000087007
1000087019
1000087057
1000087073
1000087087
1000087117
1000087139
1000087159
1000087181
1000087213
1000087247
1000087261
1000087303
1000087313
1000087337
1000087343
1000087367
1000087391
1000087411
1000087423
1000087463
1000087471
1000087483
1000087511
1000087513
1000087519
1000087547
1000087549
1000087567
1000087579
1000087597
1000087607
1000087609
1000087637
1000087643
1000087661
1000087691
1000087717
1000087723
1000087727
1000087787
1000087799
1000087811
1000087813
1000087841
1000087859
1000087889
1000087901
1000087943
1000087981
1000088003
1000088021
1000088041
1000088057
1000088069
1000088071
1000088129
1000088143
1000088147
1000088197
1000088203
1000088209
1000088249
1000088317
1000088347
1000088357
1000088377
1000088381
1000088387
1000088423
1000088543
1000088561
1000088581
1000088591
1000088623
1000088627
1000088633
1000088671
1000088689
1000088707
1000088723
1000088741
1000088753
1000088777
1000088779
1000088849
1000088863
1000088909
1000088911
1000088941
1000088963
1000088981
1000088987
1000088993
1000089011
1000089017
1000089023
1000089067
1000089071
1000089113
1000089127
1000089143
1000089191
1000089193
1000089199
1000089253
1000089257
1000089281
1000089287
1000089319
1000089371
1000089401
1000089403
1000089421
1000089479
1000089499
1000089527
1000089533
1000089551
1000089619
1000089631
1000089697
1000089733
1000089751
1000089793
1000089799
1000089847
1000089859
1000089869
1000089877
1000089899
1000089907
1000089919
1000089929
1000089931
1000089953
1000089967
1000089971
1000089973
1000089989
1000089997
1000090009
1000090031
1000090043
1000090067
1000090073
1000090121
1000090129
1000090153
1000090177
1000090187
1000090237
1000090271
1000090283
1000090313
1000090319
1000090321
1000090339
1000090361
1000090379
1000090387
1000090423
1000090453
1000090457
1000090459
1000090463
1000090499
1000090523
1000090579
1000090591
1000090613
1000090633
1000090673
1000090699
1000090711
1000090717
1000090727
1000090733
1000090753
1000090799
1000090813
1000090829
1000090849
1000090873
1000090891
1000090919
1000090939
1000090951
1000090967
1000090979
1000091003
1000091039
1000091047
1000091077
1000091137
1000091143
1000091149
1000091179
1000091189
1000091219
1000091231
1000091233
1000091237
1000091251
1000091269
1000091293
1000091297
1000091321
1000091327
1000091329
1000091371
1000091383
1000091399
1000091423
1000091441
1000091447
1000091473
1000091479
1000091483
1000091501
1000091563
1000091591
1000091621
1000091627
1000091633
1000091663
1000091669
1000091671
1000091689
1000091693
1000091699
1000091717
1000091749
1000091761
1000091779
1000091791
1000091797
1000091801
1000091863
1000091903
1000091921
1000091933
1000091947
1000091959
1000091971
1000091987
1000092007
1000092029
1000092061
1000092077
1000092083
1000092089
1000092091
1000092097
1000092101
1000092161
1000092221
1000092229
1000092239
1000092241
1000092263
1000092283
1000092293
1000092329
1000092343
1000092389
1000092403
1000092437
1000092491
1000092497
1000092529
1000092551
1000092553
1000092557
1000092571
1000092641
1000092659
1000092661
1000092673
1000092689
1000092697
1000092703
1000092749
1000092757
1000092791
1000092799
1000092823
1000092833
1000092887
1000092889
1000092901
1000092967
1000092971
1000092991
1000093009
1000093021
1000093037
1000093057
1000093079
1000093181
1000093189
1000093207
1000093249
1000093261
1000093273
1000093301
1000093309
1000093319
1000093351
1000093373
1000093397
1000093399
1000093447
1000093453
1000093489
1000093547
1000093553
1000093579
1000093621
1000093637
1000093667
1000093711
1000093789
1000093817
1000093891
1000093909
1000093951
1000093967
1000093973
1000093987
1000093993
1000093999
1000094009
1000094063
1000094077
1000094083
1000094093
1000094111
1000094113
1000094171
1000094177
1000094197
1000094231
1000094237
1000094267
1000094281
1000094321
1000094351
1000094357
1000094371
1000094429
1000094437
1000094449
1000094453
1000094521
1000094531
1000094587
1000094597
1000094611
1000094633
1000094681
1000094701
1000094713
1000094743
1000094791
1000094801
1000094803
1000094831
1000094833
1000094857
1000094873
1000094881
1000094897
1000094911
1000094917
1000094923
1000094981
1000094987
1000095011
1000095037
1000095043
1000095053
1000095071
1000095079
1000095113
1000095121
1000095133
1000095167
1000095169
1000095179
1000095199
1000095209
1000095221
1000095259
1000095277
1000095287
1000095331
1000095347
1000095359
1000095367
1000095391
1000095413
1000095443
1000095461
1000095487
1000095491
1000095517
1000095521
1000095529
1000095553
1000095587
1000095589
1000095617
1000095623
1000095631
1000095643
1000095659
1000095689
1000095697
1000095709
1000095713
1000095731
1000095757
1000095773
1000095779
1000095823
1000095857
1000095869
1000095883
1000095893
1000095923
1000095931
1000095953
1000095983
1000096003
1000096007
1000096039
1000096057
1000096081
1000096099
1000096121
1000096157
1000096169
1000096187
1000096211
1000096249
1000096259
1000096261
1000096267
1000096271
1000096297
1000096303
1000096381
1000096393
1000096399
1000096411
1000096429
1000096439
1000096441
1000096453
1000096457
1000096459
1000096469
1000096529
1000096541
1000096547
1000096567
1000096577
1000096583
1000096609
1000096613
1000096619
1000096633
1000096637
1000096651
1000096663
1000096667
1000096693
1000096729
1000096733
1000096753
1000096759
1000096771
1000096817
1000096847
1000096897
1000096907
1000096913
1000096919
1000096931
1000096991
1000096997
1000097011
1000097041
1000097047
1000097071
1000097081
1000097083
1000097149
1000097171
1000097177
1000097179
1000097191
1000097237
1000097249
1000097251
1000097269
1000097303
1000097323
1000097327
1000097341
1000097353
1000097359
1000097363
1000097381
1000097401
1000097407
1000097411
1000097447
1000097459
1000097467
1000097491
1000097507
1000097513
1000097561
1000097597
1000097599
1000097617
1000097621
1000097797
1000097801
1000097803
1000097869
1000097897
1000097899
1000097929
1000097951
1000098013
1000098017
1000098019
1000098059
1000098097
1000098103
1000098107
1000098149
1000098157
1000098163
1000098191
1000098221
1000098241
1000098293
1000098329
1000098331
1000098353
1000098361
1000098377
1000098431
1000098479
1000098487
1000098523
1000098563
1000098587
1000098689
1000098733
1000098739
1000098761
1000098779
1000098851
1000098881
1000098887
1000098889
1000098893
1000098917
1000098941
1000098989
1000099013
1000099049
1000099057
1000099063
1000099073
1000099081
1000099187
1000099193
1000099223
1000099253
1000099259
1000099267
1000099279
1000099291
1000099297
1000099327
1000099349
1000099367
1000099369
1000099379
1000099403
1000099411
1000099421
1000099427
1000099433
1000099469
1000099483
1000099519
1000099531
1000099549
1000099567
1000099571
1000099591
1000099601
1000099651
1000099663
1000099691
1000099721
1000099741
1000099759
1000099769
1000099799
1000099831
1000099871
1000099873
1000099901
1000099907
1000099931
1000099943
1000099957
1000099963
1000099967
1000099993
1000099999
1000100009
1000100033
1000100051
1000100077
1000100161
1000100173
1000100183
1000100201
1000100239
1000100279
1000100303
1000100341
1000100347
1000100363
1000100383
1000100401
1000100441
1000100459
1000100501
1000100537
1000100539
1000100557
1000100561
1000100567
1000100573
1000100593
1000100597
1000100609
1000100617
1000100627
1000100653
1000100677
1000100719
1000100729
1000100779
1000100791
1000100797
1000100807
1000100809
1000100813
1000100819
1000100867
1000100887
1000100903
1000100909
1000100911
1000100957
1000100977
1000100993
1000100999
1000101079
1000101097
1000101107
1000101127
1000101133
1000101139
1000101169
1000101197
1000101239
1000101259
1000101281
1000101299
1000101317
1000101343
1000101371
1000101373
1000101407
1000101419
1000101437
1000101481
1000101521
1000101523
1000101577
1000101607
1000101623
1000101637
1000101677
1000101691
1000101733
1000101737
1000101769
1000101793
1000101799
1000101827
1000101829
1000101833
1000101877
1000101887
1000101911
1000101931
1000101967
1000102003
1000102007
1000102039
1000102057
1000102063
1000102121
1000102133
1000102157
1000102171
1000102219
1000102241
1000102289
1000102291
1000102309
1000102387
1000102423
1000102459
1000102507
1000102511
1000102513
1000102517
1000102531
1000102567
1000102573
1000102591
1000102619
1000102657
1000102661
1000102667
1000102693
1000102703
1000102759
1000102777
1000102781
1000102783
1000102799
1000102837
1000102841
1000102849
1000102853
1000102889
1000102967
1000102973
1000103003
1000103023
1000103063
1000103101
1000103129
1000103141
1000103173
1000103189
1000103191
1000103197
1000103233
1000103239
1000103257
1000103263
1000103297
1000103329
1000103333
1000103339
1000103359
1000103393
1000103407
1000103443
1000103453
1000103473
1000103477
1000103491
1000103501
1000103539
1000103563
1000103579
1000103593
1000103623
1000103633
1000103651
1000103669
1000103677
1000103681
1000103701
1000103719
1000103729
1000103743
1000103777
1000103801
1000103807
1000103813
1000103849
1000103851
1000103861
1000103873
1000103879
1000103887
1000103903
1000103957
1000103959
1000103971
1000103987
1000104041
1000104059
1000104073
1000104107
1000104167
1000104263
1000104289
1000104359
1000104389
1000104401
1000104403
1000104419
1000104461
1000104491
1000104503
1000104517
1000104533
1000104563
1000104613
1000104617
1000104631
1000104641
1000104649
1000104667
1000104673
1000104689
1000104751
1000104761
1000104773
1000104797
1000104803
1000104851
1000104871
1000104877
1000104887
1000104893
1000104901
1000104907
1000104953
1000104961
1000104967
1000104977
1000104983
1000105013
1000105129
1000105199
1000105231
1000105241
1000105247
1000105259
1000105279
1000105307
1000105313
1000105321
1000105363
1000105387
1000105423
1000105487
1000105499
1000105501
1000105541
1000105591
1000105609
1000105627
1000105657
1000105669
1000105693
1000105723
1000105747
1000105751
1000105759
1000105811
1000105817
1000105829
1000105859
1000105871
1000105889
1000105901
1000105921
1000105957
1000105963
1000105969
1000105979
1000106011
1000106017
1000106047
1000106057
1000106099
1000106101
1000106113
1000106147
1000106167
1000106203
1000106231
1000106273
1000106281
1000106291
1000106293
1000106297
1000106321
1000106323
1000106329
1000106339
1000106347
1000106357
1000106377
1000106381
1000106417
1000106453
1000106461
1000106479
1000106483
1000106509
1000106519
1000106537
1000106543
1000106567
1000106579
1000106587
1000106603
1000106663
1000106669
1000106693
1000106729
1000106759
1000106797
1000106803
1000106869
1000106879
1000106927
1000106959
1000106981
1000107011
1000107037
1000107041
1000107061
1000107083
1000107107
1000107109
1000107167
1000107169
1000107181
1000107187
1000107193
1000107197
1000107217
1000107239
1000107257
1000107259
1000107307
1000107319
1000107323
1000107341
1000107359
1000107371
1000107377
1000107379
1000107391
1000107397
1000107401
1000107431
1000107439
1000107457
1000107469
1000107487
1000107499
1000107557
1000107571
1000107599
1000107607
1000107623
1000107653
1000107673
1000107677
1000107679
1000107701
1000107763
1000107767
1000107791
1000107839
1000107851
1000107869
1000107931
1000107991
1000108003
1000108009
1000108033
1000108049
1000108063
1000108091
1000108099
1000108117
1000108157
1000108171
1000108177
1000108189
1000108199
1000108211
1000108217
1000108229
1000108231
1000108271
1000108309
1000108331
1000108337
1000108429
1000108489
1000108511
1000108519
1000108523
1000108537
1000108547
1000108553
1000108559
1000108579
1000108597
1000108601
1000108619
1000108667
1000108693
1000108717
1000108721
1000108729
1000108751
1000108783
1000108801
1000108807
1000108841
1000108867
1000108891
1000108903
1000108939
1000108943
1000108951
1000108957
1000108961
1000108973
1000108999
1000109003
1000109029
1000109039
1000109041
1000109063
1000109083
1000109107
1000109119
1000109141
1000109153
1000109189
1000109203
1000109221
1000109237
1000109239
1000109263
1000109267
1000109281
1000109291
1000109339
1000109377
1000109389
1000109431
1000109443
1000109447
1000109489
1000109501
1000109521
1000109533
1000109557
1000109567
1000109599
1000109647
1000109651
1000109657
1000109681
1000109683
1000109687
1000109797
1000109819
1000109833
1000109849
1000109893
1000109917
1000109927
1000109951
1000109959
1000109977
1000109987
1000109993
1000110019
1000110073
1000110091
1000110101
1000110149
1000110157
1000110169
1000110197
1000110203
1000110281
1000110283
1000110317
1000110329
1000110337
1000110359
1000110361
1000110401
1000110427
1000110431
1000110451
1000110479
1000110487
1000110539
1000110547
1000110563
1000110569
1000110607
1000110637
1000110647
1000110659
1000110673
1000110701
1000110707
1000110719
1000110721
1000110763
1000110773
1000110781
1000110857
1000110869
1000110919
1000110949
1000110959
1000110967
1000110971
1000110997
1000111027
1000111033
1000111039
1000111051
1000111061
1000111103
1000111109
1000111117
1000111121
1000111129
1000111141
1000111153
1000111159
1000111163
1000111171
1000111201
1000111213
1000111223
1000111267
1000111271
1000111283
1000111327
1000111349
1000111373
1000111381
1000111391
1000111421
1000111447
1000111477
1000111549
1000111561
1000111573
1000111583
1000111597
1000111621
1000111627
1000111633
1000111657
1000111663
1000111669
1000111711
1000111741
1000111781
1000111787
1000111799
1000111817
1000111837
1000111841
1000111901
1000111909
1000111943
1000111963
1000111979
1000111997
1000112011
1000112021
1000112027
1000112039
1000112077
1000112117
1000112123
1000112129
1000112147
1000112207
1000112209
1000112219
1000112233
1000112249
1000112251
1000112273
1000112317
1000112327
1000112353
1000112371
1000112419
1000112437
1000112441
1000112471
1000112513
1000112521
1000112537
1000112539
1000112569
1000112573
1000112579
1000112609
1000112621
1000112639
1000112651
1000112689
1000112719
1000112753
1000112759
1000112783
1000112803
1000112831
1000112833
1000112837
1000112857
1000112881
1000112891
1000112929
1000112951
1000112957
1000112983
1000112987
1000112999
1000113007
1000113017
1000113031
1000113073
1000113083
1000113091
1000113113
1000113131
1000113133
1000113137
1000113143
1000113161
1000113197
1000113253
1000113277
1000113319
1000113371
1000113407
1000113409
1000113421
1000113449
1000113497
1000113529
1000113539
1000113547
1000113571
1000113613
1000113637
1000113641
1000113671
1000113677
1000113679
1000113743
1000113781
1000113787
1000113839
1000113857
1000113929
1000113931
1000113949
1000113953
1000113973
1000113979
1000113997
1000114043
1000114051
1000114099
1000114123
1000114139
1000114147
1000114151
1000114163
1000114201
1000114231
1000114243
1000114261
1000114273
1000114277
1000114289
1000114309
1000114319
1000114321
1000114327
1000114331
1000114411
1000114421
1000114429
1000114439
1000114501
1000114513
1000114519
1000114537
1000114541
1000114553
1000114579
1000114601
1000114631
1000114663
1000114667
1000114669
1000114679
1000114711
1000114741
1000114747
1000114757
1000114789
1000114807
1000114849
1000114853
1000114877
1000114919
1000114949
1000114979
1000114993
1000115041
1000115059
1000115099
1000115101
1000115119
1000115167
1000115189
1000115251
1000115269
1000115309
1000115317
1000115323
1000115327
1000115357
1000115377
1000115381
1000115387
1000115393
1000115399
1000115401
1000115429
1000115437
1000115449
1000115461
1000115497
1000115503
1000115533
1000115563
1000115579
1000115603
1000115609
1000115617
1000115639
1000115713
1000115731
1000115741
1000115759
1000115761
1000115783
1000115791
1000115803
1000115807
1000115813
1000115821
1000115827
1000115843
1000115861
1000115917
1000115929
1000115947
1000115959
1000115971
1000116023
1000116041
1000116071
1000116077
1000116083
1000116101
1000116119
1000116163
1000116197
1000116211
1000116223
1000116367
1000116391
1000116457
1000116461
1000116473
1000116479
1000116503
1000116527
1000116581
1000116583
1000116587
1000116589
1000116617
1000116641
1000116643
1000116673
1000116679
1000116703
1000116709
1000116739
1000116769
1000116773
1000116781
1000116787
1000116841
1000116869
1000116907
1000116937
1000116989
1000116991
1000117121
1000117127
1000117159
1000117163
1000117187
1000117267
1000117291
1000117309
1000117343
1000117397
1000117411
1000117471
1000117477
1000117513
1000117523
1000117541
1000117543
1000117553
1000117561
1000117603
1000117609
1000117639
1000117663
1000117669
1000117697
1000117709
1000117757
1000117771
1000117787
1000117793
1000117799
1000117817
1000117823
1000117873
1000117903
1000117931
1000117969
1000118011
1000118047
1000118069
1000118071
1000118089
1000118101
1000118113
1000118153
1000118173
1000118201
1000118233
1000118239
1000118243
1000118299
1000118303
1000118309
1000118369
1000118387
1000118401
1000118423
1000118437
1000118503
1000118507
1000118513
1000118531
1000118549
1000118557
1000118569
1000118573
1000118579
1000118641
1000118659
1000118663
1000118677
1000118711
1000118741
1000118747
1000118771
1000118797
1000118831
1000118879
1000118893
1000118923
1000118929
1000118947
1000118963
1000118981
1000118989
1000119007
1000119011
1000119019
1000119067
1000119083
1000119103
1000119121
1000119149
1000119167
1000119173
1000119187
1000119193
1000119209
1000119227
1000119233
1000119313
1000119331
1000119349
1000119371
1000119383
1000119403
1000119409
1000119431
1000119451
1000119457
1000119493
1000119517
1000119521
1000119559
1000119563
1000119569
1000119577
1000119623
1000119641
1000119667
1000119689
1000119727
1000119749
1000119763
1000119767
1000119779
1000119821
1000119851
1000119863
1000119931
1000119943
1000119959
1000119973
1000119977
1000119983
1000120001
1000120007
1000120021
1000120049
1000120057
1000120061
1000120067
1000120073
1000120091
1000120103
1000120127
1000120153
1000120169
1000120181
1000120243
1000120259
1000120283
1000120291
1000120313
1000120327
1000120337
1000120349
1000120409
1000120427
1000120463
1000120507
1000120529
1000120553
1000120573
1000120601
1000120603
1000120609
1000120657
1000120673
1000120699
1000120733
1000120757
1000120769
1000120801
1000120819
1000120843
1000120861
1000120873
1000120903
1000120907
1000120909
1000120939
1000120963
1000120967
1000120973
1000120991
1000120997
1000121041
1000121051
1000121053
1000121071
1000121081
1000121093
1000121113
1000121117
1000121141
1000121149
1000121179
1000121197
1000121257
1000121279
1000121299
1000121341
1000121357
1000121363
1000121371
1000121377
1000121383
1000121393
1000121461
1000121467
1000121491
1000121503
1000121527
1000121533
1000121537
1000121539
1000121587
1000121599
1000121621
1000121623
1000121641
1000121671
1000121737
1000121741
1000121767
1000121777
1000121807
1000121813
1000121851
1000121873
1000121891
1000121911
1000121923
1000121929
1000121933
1000121939
1000121957
1000122007
1000122017
1000122037
1000122049
1000122091
1000122161
1000122191
1000122239
1000122269
1000122287
1000122313
1000122367
1000122407
1000122421
1000122451
1000122457
1000122479
1000122491
1000122647
1000122661
1000122701
1000122727
1000122737
1000122743
1000122749
1000122751
1000122769
1000122787
1000122793
1000122863
1000122883
1000122889
1000122911
1000122919
1000122947
1000122967
1000122979
1000123031
1000123043
1000123057
1000123063
1000123067
1000123079
1000123081
1000123097
1000123123
1000123133
1000123139
1000123151
1000123213
1000123217
1000123231
1000123247
1000123259
1000123297
1000123309
1000123321
1000123339
1000123343
1000123351
1000123363
1000123391
1000123403
1000123429
1000123459
1000123469
1000123471
1000123517
1000123567
1000123639
1000123661
1000123759
1000123819
1000123847
1000123879
1000123907
1000123913
1000123921
1000123933
1000123961
1000123987
1000123997
1000124053
1000124087
1000124107
1000124123
1000124173
1000124179
1000124183
1000124231
1000124291
1000124303
1000124311
1000124317
1000124329
1000124431
1000124471
1000124483
1000124497
1000124533
1000124551
1000124557
1000124561
1000124563
1000124579
1000124621
1000124627
1000124633
1000124639
1000124651
1000124669
1000124677
1000124683
1000124771
1000124777
1000124833
1000124861
1000124863
1000124887
1000124899
1000124941
1000124947
1000124963
1000124969
1000124981
1000124987
1000125029
1000125037
1000125043
1000125047
1000125067
1000125083
1000125103
1000125121
1000125143
1000125149
1000125151
1000125167
1000125187
1000125199
1000125271
1000125277
1000125289
1000125293
1000125299
1000125323
1000125337
1000125359
1000125367
1000125391
1000125403
1000125409
1000125431
1000125449
1000125481
1000125493
1000125517
1000125541
1000125547
1000125551
1000125557
1000125559
1000125563
1000125569
1000125611
1000125641
1000125649
1000125653
1000125661
1000125671
1000125673
1000125677
1000125703
1000125713
1000125719
1000125733
1000125739
1000125757
1000125761
1000125803
1000125821
1000125839
1000125869
1000125877
1000125883
1000125887
1000125899
1000125911
1000125923
1000125943
1000125961
1000125967
1000125977
1000125991
1000126027
1000126073
1000126091
1000126097
1000126147
1000126157
1000126187
1000126223
1000126261
1000126289
1000126343
1000126349
1000126381
1000126409
1000126429
1000126453
1000126459
1000126471
1000126531
1000126573
1000126577
1000126639
1000126657
1000126691
1000126703
1000126717
1000126783
1000126859
1000126873
1000126891
1000126927
1000126931
1000126969
1000126979
1000127003
1000127021
1000127041
1000127071
1000127099
1000127137
1000127143
1000127171
1000127197
1000127201
1000127213
1000127243
1000127251
1000127267
1000127299
1000127347
1000127389
1000127399
1000127407
1000127417
1000127419
1000127449
1000127503
1000127519
1000127539
1000127563
1000127573
1000127593
1000127599
1000127603
1000127659
1000127677
1000127701
1000127717
1000127749
1000127759
1000127767
1000127773
1000127789
1000127819
1000127831
1000127851
1000127873
1000127897
1000127903
1000127941
1000127963
1000127971
1000127981
1000128029
1000128053
1000128089
1000128091
1000128127
1000128131
1000128149
1000128161
1000128263
1000128287
1000128313
1000128317
1000128323
1000128331
1000128341
1000128383
1000128421
1000128439
1000128461
1000128469
1000128533
1000128589
1000128629
1000128637
1000128659
1000128673
1000128691
1000128697
1000128739
1000128763
1000128869
1000128901
1000128917
1000128919
1000128931
1000128947
1000128971
1000128979
1000129051
1000129069
1000129103
1000129153
1000129157
1000129211
1000129219
1000129231
1000129241
1000129243
1000129259
1000129271
1000129283
1000129297
1000129313
1000129331
1000129337
1000129349
1000129367
1000129381
1000129387
1000129393
1000129399
1000129411
1000129469
1000129483
1000129513
1000129517
1000129547
1000129549
1000129553
1000129577
1000129589
1000129597
1000129621
1000129681
1000129727
1000129759
1000129763
1000129777
1000129789
1000129807
1000129811
1000129813
1000129859
1000129883
1000129901
1000129903
1000129937
1000129939
1000129973
1000129979
1000129987
1000130011
1000130039
1000130041
1000130051
1000130057
1000130059
1000130081
1000130093
1000130099
1000130119
1000130129
1000130147
1000130203
1000130251
1000130269
1000130273
1000130293
1000130317
1000130323
1000130357
1000130359
1000130363
1000130371
1000130377
1000130389
1000130393
1000130399
1000130407
1000130429
1000130449
1000130471
1000130497
1000130501
1000130503
1000130539
1000130567
1000130591
1000130603
1000130611
1000130629
1000130639
1000130657
1000130669
1000130717
1000130767
1000130783
1000130821
1000130837
1000130839
1000130849
1000130867
1000130881
1000130891
1000130903
1000130947
1000130953
1000130981
1000130983
1000131017
1000131019
1000131037
1000131049
1000131071
1000131089
1000131107
1000131113
1000131169
1000131203
1000131217
1000131221
1000131257
1000131259
1000131277
1000131383
1000131397
1000131449
1000131493
1000131521
1000131551
1000131599
1000131611
1000131617
1000131619
1000131673
1000131749
1000131757
1000131761
1000131791
1000131799
1000131887
1000131917
1000131949
1000131959
1000131967
1000131973
1000131991
1000132039
1000132043
1000132061
1000132079
1000132097
1000132099
1000132123
1000132157
1000132171
1000132183
1000132201
1000132213
1000132247
1000132277
1000132297
1000132327
1000132349
1000132351
1000132363
1000132373
1000132381
1000132387
1000132403
1000132417
1000132421
1000132481
1000132501
1000132543
1000132561
1000132577
1000132579
1000132589
1000132597
1000132613
1000132643
1000132649
1000132669
1000132687
1000132691
1000132699
1000132741
1000132751
1000132753
1000132789
1000132799
1000132871
1000132877
1000132901
1000132921
1000132951
1000132999
1000133011
1000133021
1000133027
1000133033
1000133041
1000133059
1000133083
1000133089
1000133093
1000133111
1000133149
1000133177
1000133201
1000133207
1000133221
1000133227
1000133243
1000133261
1000133263
1000133293
1000133297
1000133333
1000133383
1000133389
1000133401
1000133413
1000133417
1000133437
1000133447
1000133471
1000133473
1000133521
1000133557
1000133567
1000133573
1000133593
1000133599
1000133657
1000133663
1000133671
1000133713
1000133741
1000133753
1000133767
1000133807
1000133819
1000133833
1000133891
1000133921
1000133929
1000133963
1000133977
1000133993
1000133999
1000134007
1000134011
1000134019
1000134053
1000134061
1000134067
1000134097
1000134137
1000134167
1000134203
1000134209
1000134211
1000134241
1000134283
1000134319
1000134347
1000134353
1000134367
1000134379
1000134403
1000134409
1000134437
1000134439
1000134451
1000134481
1000134491
1000134511
1000134557
1000134587
1000134631
1000134647
1000134649
1000134677
1000134713
1000134719
1000134731
1000134763
1000134767
1000134781
1000134791
1000134809
1000134859
1000134881
1000134899
1000134913
1000134923
1000134937
1000134959
1000134997
1000135001
1000135079
1000135117
1000135121
1000135127
1000135133
1000135189
1000135193
1000135207
1000135217
1000135261
1000135337
1000135379
1000135397
1000135399
1000135429
1000135439
1000135447
1000135489
1000135511
1000135561
1000135571
1000135579
1000135583
1000135589
1000135601
1000135603
1000135637
1000135639
1000135649
1000135679
1000135691
1000135693
1000135709
1000135723
1000135739
1000135769
1000135771
1000135777
1000135819
1000135831
1000135861
1000135897
1000135909
1000135949
1000136017
1000136047
1000136051
1000136107
1000136119
1000136141
1000136147
1000136161
1000136173
1000136177
1000136213
1000136227
1000136237
1000136243
1000136257
1000136261
1000136309
1000136327
1000136339
1000136377
1000136387
1000136429
1000136437
1000136443
1000136461
1000136483
1000136507
1000136513
1000136563
1000136569
1000136591
1000136617
1000136633
1000136647
1000136651
1000136681
1000136689
1000136693
1000136713
1000136773
1000136779
1000136783
1000136791
1000136827
1000136857
1000136881
1000136887
1000136927
1000136941
1000136959
1000136971
1000136981
1000136987
1000137053
1000137079
1000137091
1000137101
1000137113
1000137133
1000137137
1000137139
1000137179
1000137191
1000137197
1000137199
1000137211
1000137241
1000137247
1000137277
1000137293
1000137317
1000137331
1000137367
1000137373
1000137377
1000137403
1000137433
1000137493
1000137499
1000137521
1000137527
1000137533
1000137563
1000137569
1000137601
1000137623
1000137629
1000137631
1000137643
1000137661
1000137673
1000137683
1000137781
1000137791
1000137793
1000137797
1000137823
1000137833
1000137839
1000137847
1000137889
1000137899
1000137913
1000137917
1000137947
1000137967
1000138039
1000138043
1000138063
1000138099
1000138129
1000138177
1000138211
1000138229
1000138261
1000138267
1000138277
1000138289
1000138303
1000138313
1000138327
1000138331
1000138357
1000138361
1000138367
1000138387
1000138393
1000138409
1000138411
1000138421
1000138429
1000138439
1000138481
1000138483
1000138501
1000138537
1000138561
1000138583
1000138613
1000138621
1000138639
1000138649
1000138651
1000138669
1000138687
1000138691
1000138703
1000138729
1000138787
1000138793
1000138807
1000138813
1000138819
1000138847
1000138879
1000138903
1000138927
1000138939
1000138943
1000138963
1000138999
1000139003
1000139009
1000139017
1000139029
1000139033
1000139057
1000139059
1000139071
1000139089
1000139111
1000139113
1000139137
1000139159
1000139171
1000139183
1000139207
1000139209
1000139249
1000139251
1000139297
1000139303
1000139411
1000139431
1000139449
1000139467
1000139477
1000139479
1000139531
1000139557
1000139587
1000139599
1000139633
1000139653
1000139677
1000139681
1000139683
1000139687
1000139719
1000139741
1000139759
1000139783
1000139827
1000139831
1000139851
1000139873
1000139891
1000139911
1000139923
1000139927
1000139929
1000139947
1000139983
1000140013
1000140017
1000140047
1000140091
1000140109
1000140133
1000140137
1000140143
1000140149
1000140173
1000140181
1000140187
1000140191
1000140199
1000140203
1000140217
1000140227
1000140233
1000140283
1000140319
1000140331
1000140343
1000140353
1000140391
1000140409
1000140419
1000140433
1000140469
1000140517
1000140541
1000140551
1000140587
1000140611
1000140623
1000140643
1000140649
1000140667
1000140697
1000140703
1000140707
1000140709
1000140721
1000140751
1000140761
1000140781
1000140797
1000140803
1000140833
1000140851
1000140863
1000140881
1000140887
1000140937
1000140949
1000140979
1000140997
1000141013
1000141061
1000141063
1000141069
1000141073
1000141141
1000141147
1000141151
1000141187
1000141201
1000141277
1000141283
1000141309
1000141319
1000141321
1000141333
1000141369
1000141393
1000141409
1000141423
1000141447
1000141459
1000141469
1000141481
1000141517
1000141567
1000141607
1000141613
1000141631
1000141651
1000141661
1000141691
1000141711
1000141721
1000141759
1000141781
1000141799
1000141819
1000141847
1000141873
1000141889
1000141903
1000141921
1000141927
1000141939
1000141979
1000141993
1000142009
1000142023
1000142027
1000142041
1000142063
1000142081
1000142089
1000142131
1000142137
1000142141
1000142149
1000142177
1000142183
1000142219
1000142303
1000142329
1000142347
1000142369
1000142389
1000142393
1000142443
1000142467
1000142483
1000142497
1000142581
1000142587
1000142593
1000142599
1000142609
1000142617
1000142629
1000142639
1000142651
1000142681
1000142699
1000142747
1000142761
1000142771
1000142777
1000142797
1000142813
1000142821
1000142839
1000142873
1000142887
1000142921
1000142933
1000142959
1000143029
1000143083
1000143091
1000143113
1000143121
1000143139
1000143163
1000143187
1000143191
1000143229
1000143233
1000143241
1000143253
1000143257
1000143259
1000143301
1000143341
1000143367
1000143379
1000143401
1000143433
1000143481
1000143491
1000143497
1000143583
1000143589
1000143593
1000143601
1000143637
1000143653
1000143667
1000143673
1000143733
1000143737
1000143757
1000143787
1000143803
1000143827
1000143841
1000143877
1000143889
1000143901
1000143913
1000143943
1000143953
1000144031
1000144069
1000144081
1000144091
1000144109
1000144157
1000144163
1000144169
1000144207
1000144241
1000144247
1000144253
1000144261
1000144297
1000144331
1000144333
1000144339
1000144393
1000144451
1000144487
1000144501
1000144507
1000144511
1000144513
1000144543
1000144549
1000144573
1000144597
1000144633
1000144643
1000144657
1000144679
1000144687
1000144703
1000144751
1000144763
1000144841
1000144843
1000144879
1000144883
1000144889
1000144919
1000144967
1000144987
1000144991
1000144997
1000145023
1000145053
1000145089
1000145093
1000145117
1000145119
1000145129
1000145143
1000145147
1000145177
1000145183
1000145221
1000145227
1000145231
1000145273
1000145323
1000145327
1000145339
1000145357
1000145387
1000145401
1000145407
1000145459
1000145473
1000145491
1000145527
1000145551
1000145561
1000145611
1000145623
1000145647
1000145651
1000145681
1000145687
1000145723
1000145737
1000145749
1000145761
1000145789
1000145801
1000145803
1000145843
1000145849
1000145897
1000145911
1000145953
1000145957
1000145981
1000145983
1000145999
1000146031
1000146047
1000146061
1000146067
1000146071
1000146109
1000146151
1000146157
1000146197
1000146233
1000146239
1000146253
1000146281
1000146289
1000146307
1000146313
1000146349
1000146379
1000146419
1000146457
1000146473
1000146523
1000146547
1000146599
1000146673
1000146689
1000146713
1000146733
1000146767
1000146773
1000146799
1000146803
1000146811
1000146817
1000146821
1000146827
1000146853
1000146857
1000146859
1000146913
1000146919
1000146943
1000146977
1000146997
1000147013
1000147039
1000147069
1000147073
1000147087
1000147091
1000147121
1000147129
1000147139
1000147151
1000147199
1000147229
1000147271
1000147303
1000147307
1000147361
1000147373
1000147459
1000147493
1000147507
1000147531
1000147541
1000147559
1000147567
1000147573
1000147579
1000147583
1000147591
1000147597
1000147601
1000147609
1000147627
1000147633
1000147651
1000147667
1000147711
1000147717
1000147739
1000147747
1000147829
1000147867
1000147873
1000147909
1000148003
1000148021
1000148041
1000148059
1000148089
1000148129
1000148141
1000148173
1000148207
1000148209
1000148243
1000148249
1000148287
1000148299
1000148311
1000148333
1000148351
1000148377
1000148411
1000148419
1000148431
1000148459
1000148477
1000148509
1000148519
1000148521
1000148551
1000148593
1000148621
1000148627
1000148683
1000148687
1000148693
1000148701
1000148759
1000148783
1000148791
1000148819
1000148827
1000148843
1000148857
1000148867
1000148869
1000148959
1000148971
1000148977
1000148993
1000149019
1000149041
1000149047
1000149053
1000149079
1000149091
1000149173
1000149191
1000149197
1000149209
1000149211
1000149221
1000149233
1000149259
1000149281
1000149299
1000149301
1000149313
1000149343
1000149407
1000149413
1000149439
1000149461
1000149463
1000149481
1000149487
1000149509
1000149517
1000149529
1000149539
1000149583
1000149617
1000149629
1000149643
1000149659
1000149671
1000149677
1000149737
1000149749
1000149809
1000149811
1000149823
1000149841
1000149847
1000149853
1000149863
1000149881
1000149889
1000149901
1000149973
1000149977
1000149979
1000150007
1000150013
1000150027
1000150031
1000150043
1000150087
1000150097
1000150111
1000150169
1000150183
1000150189
1000150199
1000150237
1000150243
1000150247
1000150267
1000150309
1000150313
1000150337
1000150343
1000150369
1000150381
1000150387
1000150429
1000150447
1000150471
1000150493
1000150499
1000150573
1000150609
1000150649
1000150673
1000150733
1000150771
1000150777
1000150793
1000150807
1000150819
1000150829
1000150841
1000150847
1000150849
1000150873
1000150903
1000150933
1000150961
1000150967
1000150979
1000150997
1000151011
1000151057
1000151069
1000151077
1000151083
1000151093
1000151153
1000151161
1000151177
1000151179
1000151197
1000151213
1000151219
1000151221
1000151237
1000151239
1000151249
1000151261
1000151267
1000151309
1000151323
1000151351
1000151377
1000151401
1000151423
1000151437
1000151441
1000151459
1000151489
1000151561
1000151563
1000151567
1000151617
1000151639
1000151641
1000151683
1000151693
1000151707
1000151731
1000151741
1000151753
1000151783
1000151807
1000151819
1000151839
1000151851
1000151891
1000151897
1000151983
1000151993
1000152031
1000152061
1000152091
1000152113
1000152133
1000152149
1000152173
1000152193
1000152199
1000152253
1000152299
1000152311
1000152317
1000152331
1000152337
1000152371
1000152379
1000152383
1000152397
1000152409
1000152427
1000152463
1000152469
1000152481
1000152497
1000152509
1000152563
1000152589
1000152599
1000152611
1000152613
1000152641
1000152679
1000152689
1000152701
1000152731
1000152737
1000152749
1000152757
1000152773
1000152787
1000152821
1000152833
1000152887
1000152911
1000152919
1000152961
1000153003
1000153079
1000153109
1000153123
1000153157
1000153159
1000153177
1000153223
1000153243
1000153249
1000153277
1000153283
1000153307
1000153339
1000153379
1000153387
1000153391
1000153423
1000153447
1000153471
1000153477
1000153489
1000153507
1000153519
1000153523
1000153579
1000153591
1000153613
1000153633
1000153657
1000153681
1000153751
1000153753
1000153757
1000153799
1000153879
1000153969
1000153997
1000154003
1000154009
1000154039
1000154063
1000154101
1000154107
1000154153
1000154161
1000154189
1000154191
1000154203
1000154261
1000154269
1000154279
1000154297
1000154317
1000154339
1000154341
1000154381
1000154423
1000154443
1000154447
1000154459
1000154513
1000154521
1000154549
1000154593
1000154599
1000154633
1000154641
1000154647
1000154653
1000154657
1000154671
1000154711
1000154717
1000154723
1000154741
1000154789
1000154801
1000154819
1000154873
1000154887
1000154899
1000154921
1000154951
1000154957
1000154959
1000154989
1000155019
1000155047
1000155049
1000155053
1000155071
1000155083
1000155109
1000155119
1000155127
1000155131
1000155137
1000155157
1000155173
1000155187
1000155217
1000155239
1000155241
1000155281
1000155293
1000155323
1000155419
1000155467
1000155479
1000155491
1000155521
1000155523
1000155539
1000155571
1000155587
1000155593
1000155601
1000155613
1000155617
1000155641
1000155661
1000155749
1000155797
1000155803
1000155809
1000155847
1000155869
1000155887
1000155929
1000155941
1000155997
1000156043
1000156051
1000156109
1000156111
1000156117
1000156159
1000156187
1000156207
1000156231
1000156273
1000156277
1000156331
1000156343
1000156387
1000156397
1000156453
1000156463
1000156477
1000156483
1000156489
1000156517
1000156519
1000156537
1000156543
1000156571
1000156601
1000156607
1000156609
1000156639
1000156643
1000156673
1000156681
1000156691
1000156697
1000156763
1000156777
1000156783
1000156819
1000156831
1000156897
1000156921
1000156931
1000156933
1000156943
1000156981
1000157003
1000157033
1000157057
1000157071
1000157083
1000157087
1000157153
1000157161
1000157183
1000157189
1000157267
1000157273
1000157287
1000157293
1000157303
1000157317
1000157341
1000157357
1000157363
1000157381
1000157437
1000157467
1000157497
1000157519
1000157527
1000157533
1000157579
1000157581
1000157611
1000157623
1000157629
1000157633
1000157657
1000157723
1000157747
1000157761
1000157789
1000157849
1000157857
1000157861
1000157869
1000157909
1000157993
1000158007
1000158031
1000158037
1000158079
1000158109
1000158139
1000158169
1000158191
1000158193
1000158209
1000158281
1000158287
1000158307
1000158311
1000158317
1000158319
1000158323
1000158329
1000158353
1000158361
1000158391
1000158403
1000158421
1000158431
1000158463
1000158493
1000158539
1000158547
1000158553
1000158557
1000158571
1000158589
1000158631
1000158683
1000158697
1000158701
1000158763
1000158767
1000158769
1000158787
1000158799
1000158811
1000158829
1000158839
1000158847
1000158869
1000158883
1000158893
1000158941
1000158959
1000158967
1000158997
1000159007
1000159009
1000159021
1000159051
1000159081
1000159087
1000159123
1000159129
1000159133
1000159157
1000159177
1000159189
1000159211
1000159217
1000159219
1000159229
1000159243
1000159253
1000159273
1000159291
1000159331
1000159339
1000159387
1000159429
1000159471
1000159481
1000159499
1000159547
1000159553
1000159571
1000159579
1000159583
1000159597
1000159613
1000159621
1000159631
1000159637
1000159673
1000159733
1000159739
1000159763
1000159817
1000159837
1000159879
1000159891
1000159903
1000159931
1000159939
1000160003
1000160009
1000160081
1000160093
1000160111
1000160159
1000160233
1000160237
1000160243
1000160251
1000160261
1000160309
1000160311
1000160327
1000160387
1000160407
1000160419
1000160443
1000160527
1000160587
1000160597
1000160639
1000160641
1000160647
1000160699
1000160701
1000160789
1000160803
1000160831
1000160851
1000160869
1000160891
1000160899
1000160939
1000160947
1000160971
1000160981
1000161013
1000161061
1000161073
1000161109
1000161131
1000161133
1000161137
1000161157
1000161161
1000161179
1000161203
1000161259
1000161271
1000161299
1000161313
1000161329
1000161341
1000161347
1000161361
1000161389
1000161403
1000161427
1000161439
1000161443
1000161479
1000161511
1000161517
1000161521
1000161563
1000161581
1000161661
1000161683
1000161713
1000161761
1000161803
1000161821
1000161829
1000161853
1000161857
1000161931
1000161973
1000162013
1000162027
1000162049
1000162073
1000162081
1000162103
1000162157
1000162171
1000162183
1000162187
1000162213
1000162217
1000162307
1000162333
1000162349
1000162369
1000162381
1000162409
1000162433
1000162447
1000162459
1000162463
1000162481
1000162507
1000162511
1000162549
1000162589
1000162607
1000162619
1000162663
1000162693
1000162769
1000162777
1000162811
1000162847
1000162859
1000162901
1000162927
1000162931
1000162937
1000162939
1000162987
1000162993
1000163039
1000163041
1000163051
1000163071
1000163077
1000163081
1000163083
1000163089
1000163093
1000163111
1000163117
1000163141
1000163189
1000163231
1000163233
1000163267
1000163279
1000163293
1000163299
1000163341
1000163357
1000163369
1000163383
1000163387
1000163393
1000163407
1000163413
1000163473
1000163491
1000163497
1000163537
1000163551
1000163557
1000163569
1000163573
1000163587
1000163639
1000163677
1000163699
1000163701
1000163719
1000163741
1000163767
1000163837
1000163863
1000163891
1000163897
1000163903
1000163911
1000163921
1000163939
1000163951
1000163959
1000163987
1000164013
1000164019
1000164023
1000164037
1000164049
1000164079
1000164091
1000164097
1000164103
1000164119
1000164157
1000164197
1000164211
1000164233
1000164259
1000164311
1000164323
1000164329
1000164331
1000164343
1000164379
1000164397
1000164419
1000164449
1000164461
1000164523
1000164533
1000164593
1000164623
1000164629
1000164661
1000164667
1000164679
1000164709
1000164713
1000164719
1000164743
1000164779
1000164799
1000164829
1000164833
1000164887
1000164911
1000164929
1000164943
1000164989
1000165009
1000165031
1000165039
1000165099
1000165129
1000165139
1000165141
1000165237
1000165249
1000165303
1000165321
1000165343
1000165367
1000165379
1000165391
1000165399
1000165409
1000165417
1000165447
1000165451
1000165459
1000165469
1000165489
1000165501
1000165519
1000165553
1000165561
1000165571
1000165583
1000165589
1000165591
1000165609
1000165619
1000165631
1000165657
1000165697
1000165721
1000165723
1000165729
1000165753
1000165801
1000165877
1000165889
1000165987
1000165993
1000165997
1000166003
1000166047
1000166059
1000166071
1000166087
1000166093
1000166107
1000166131
1000166161
1000166179
1000166183
1000166191
1000166221
1000166249
1000166257
1000166281
1000166329
1000166333
1000166347
1000166399
1000166411
1000166443
1000166501
1000166513
1000166521
1000166527
1000166543
1000166591
1000166597
1000166599
1000166621
1000166639
1000166641
1000166659
1000166677
1000166681
1000166693
1000166701
1000166743
1000166747
1000166749
1000166777
1000166779
1000166789
1000166813
1000166837
1000166851
1000166911
1000166929
1000166957
1000166969
1000166987
1000167013
1000167019
1000167067
1000167071
1000167101
1000167127
1000167139
1000167151
1000167169
1000167173
1000167193
1000167197
1000167209
1000167211
1000167241
1000167247
1000167253
1000167263
1000167269
1000167281
1000167299
1000167317
1000167319
1000167331
1000167359
1000167361
1000167367
1000167403
1000167419
1000167431
1000167449
1000167451
1000167463
1000167499
1000167503
1000167517
1000167521
1000167527
1000167551
1000167559
1000167583
1000167589
1000167599
1000167617
1000167629
1000167643
1000167667
1000167703
1000167709
1000167713
1000167731
1000167737
1000167743
1000167767
1000167781
1000167803
1000167821
1000167827
1000167907
1000167991
1000167997
1000168031
1000168079
1000168181
1000168193
1000168199
1000168217
1000168243
1000168249
1000168277
1000168289
1000168313
1000168333
1000168369
1000168387
1000168397
1000168427
1000168447
1000168451
1000168453
1000168471
1000168487
1000168513
1000168529
1000168549
1000168553
1000168591
1000168597
1000168613
1000168621
1000168643
1000168661
1000168669
1000168679
1000168709
1000168711
1000168751
1000168753
1000168783
1000168811
1000168859
1000168861
1000168927
1000168931
1000168957
1000168969
1000168979
1000168991
1000168999
1000169011
1000169021
1000169029
1000169057
1000169059
1000169077
1000169087
1000169111
1000169117
1000169167
1000169171
1000169227
1000169249
1000169281
1000169297
1000169299
1000169327
1000169377
1000169419
1000169531
1000169537
1000169543
1000169561
1000169567
1000169579
1000169581
1000169587
1000169609
1000169617
1000169623
1000169627
1000169657
1000169659
1000169663
1000169693
1000169699
1000169701
1000169713
1000169759
1000169773
1000169887
1000169909
1000170023
1000170029
1000170077
1000170109
1000170131
1000170137
1000170139
1000170161
1000170209
1000170211
1000170217
1000170221
1000170229
1000170253
1000170287
1000170349
1000170361
1000170373
1000170407
1000170427
1000170449
1000170461
1000170463
1000170499
1000170511
1000170517
1000170527
1000170533
1000170547
1000170551
1000170557
1000170581
1000170601
1000170607
1000170629
1000170653
1000170671
1000170727
1000170739
1000170751
1000170799
1000170803
1000170827
1000170859
1000170901
1000170931
1000170943
1000170953
1000170961
1000170971
1000170989
1000171019
1000171027
1000171033
1000171037
1000171063
1000171069
1000171121
1000171163
1000171177
1000171199
1000171213
1000171219
1000171241
1000171253
1000171339
1000171349
1000171351
1000171441
1000171453
1000171499
1000171621
1000171637
1000171643
1000171687
1000171751
1000171789
1000171801
1000171819
1000171889
1000171919
1000171961
1000171967
1000171969
1000171973
1000171979
1000172009
1000172023
1000172053
1000172077
1000172087
1000172093
1000172113
1000172143
1000172149
1000172167
1000172177
1000172191
1000172233
1000172249
1000172291
1000172317
1000172321
1000172347
1000172351
1000172357
1000172423
1000172429
1000172443
1000172447
1000172461
1000172497
1000172533
1000172581
1000172587
1000172681
1000172683
1000172707
1000172729
1000172731
1000172759
1000172777
1000172783
1000172791
1000172821
1000172839
1000172857
1000172869
1000172881
1000172941
1000172947
1000172959
1000173001
1000173007
1000173029
1000173037
1000173043
1000173047
1000173059
1000173067
1000173089
1000173131
1000173149
1000173169
1000173179
1000173203
1000173227
1000173247
1000173287
1000173289
1000173313
1000173337
1000173347
1000173353
1000173413
1000173443
1000173457
1000173479
1000173523
1000173533
1000173541
1000173611
1000173649
1000173667
1000173709
1000173731
1000173743
1000173749
1000173781
1000173787
1000173793
1000173809
1000173817
1000173827
1000173877
1000173893
1000173907
1000173913
1000173943
1000174033
1000174051
1000174093
1000174099
1000174103
1000174151
1000174157
1000174171
1000174181
1000174211
1000174223
1000174237
1000174249
1000174327
1000174337
1000174339
1000174349
1000174363
1000174397
1000174411
1000174433
1000174451
1000174463
1000174471
1000174477
1000174499
1000174519
1000174529
1000174543
1000174577
1000174579
1000174589
1000174621
1000174631
1000174661
1000174699
1000174729
1000174741
1000174759
1000174771
1000174783
1000174807
1000174811
1000174841
1000174843
1000174871
1000174897
1000174907
1000174909
1000174919
1000174927
1000174933
1000174949
1000174961
1000175003
1000175039
1000175053
1000175063
1000175069
1000175089
1000175159
1000175221
1000175233
1000175261
1000175273
1000175291
1000175299
1000175311
1000175321
1000175377
1000175431
1000175479
1000175507
1000175551
1000175563
1000175597
1000175609
1000175621
1000175623
1000175639
1000175641
1000175663
1000175707
1000175711
1000175779
1000175801
1000175821
1000175837
1000175843
1000175849
1000175851
1000175873
1000175881
1000176019
1000176031
1000176097
1000176101
1000176109
1000176143
1000176161
1000176217
1000176241
1000176257
1000176277
1000176299
1000176323
1000176349
1000176377
1000176383
1000176449
1000176461
1000176533
1000176539
1000176553
1000176559
1000176581
1000176599
1000176601
1000176607
1000176613
1000176629
1000176647
1000176649
1000176677
1000176707
1000176743
1000176761
1000176811
1000176817
1000176823
1000176851
1000176887
1000176913
1000176937
1000176959
1000176971
1000176977
1000176979
1000177021
1000177049
1000177063
1000177067
1000177091
1000177097
1000177111
1000177121
1000177127
1000177153
1000177159
1000177163
1000177177
1000177181
1000177207
1000177223
1000177253
1000177267
1000177279
1000177301
1000177349
